{"class":"TSStatic","__parent":"Fast Automotive","position":[288.770294,-110.050964,138.397888],"isRenderEnabled":false,"rotationMatrix":[0.999994099,0,0.00344122853,0.00313210045,0.414236605,-0.91016376,-0.00142548233,0.910169125,0.414234161],"shapeName":"/levels/west_coast_usa/art/shapes/rocksJV/s_rocks_desert_huge_sheet_2.dae","useInstanceRenderData":true}
{"class":"TSStatic","__parent":"Fast Automotive","position":[293.550873,-110.050964,138.397888],"isRenderEnabled":false,"rotationMatrix":[1,0,0,0,0.414236248,-0.910169184,0,0.910169184,0.414236248],"shapeName":"/levels/west_coast_usa/art/shapes/rocksJV/s_rocks_desert_huge_sheet_2.dae","useInstanceRenderData":true}
{"class":"TSStatic","__parent":"Fast Automotive","position":[284.563141,-112.67868,139.993484],"isRenderEnabled":false,"rotationMatrix":[0.449139118,-0.453371108,0.769888699,0.386689842,0.875445008,0.289943129,-0.805447042,0.167483374,0.568510592],"shapeName":"/levels/west_coast_usa/art/shapes/rocks/eca_rock_big_wide.dae","useInstanceRenderData":true}
{"class":"TSStatic","__parent":"Fast Automotive","position":[285.893372,-115.413551,141.75264],"isRenderEnabled":false,"shapeName":"/levels/west_coast_usa/art/shapes/rocks/eca_rock_big_narrow.dae","useInstanceRenderData":true}
{"class":"TSStatic","__parent":"Fast Automotive","position":[299.798157,-110.050964,138.397888],"isRenderEnabled":false,"rotationMatrix":[1,0,0,0,0.414236248,-0.910169184,0,0.910169184,0.414236248],"shapeName":"/levels/west_coast_usa/art/shapes/rocksJV/s_rocks_desert_huge_sheet_2.dae","useInstanceRenderData":true}
{"name":"Fast Auto Props","class":"SimGroup","__parent":"Fast Automotive"}
{"name":"garageOfficeLightsFATrigger","class":"BeamNGTrigger","__parent":"Fast Automotive","position":[303.134277,-122.906151,148.076584],"luaFunction":"onBeamNGTrigger","rotationMatrix":[-8.74227695e-08,0.999999881,0,-0.999999881,-8.74227695e-08,0,0,0,0.999999881],"scale":[30.7248669,29.5001221,9.68263626],"tickPeriod":500,"ticking":true,"triggerMode":"Overlaps","triggerTestType":"Bounding box"}
{"name":"garageMainLightsFA","class":"SimGroup","__parent":"Fast Automotive"}
{"class":"TSStatic","__parent":"Fast Automotive","position":[285.729767,-116.667923,142.575989],"isRenderEnabled":false,"rotationMatrix":[1,0,0,0,0.916838288,-0.399258673,0,0.399258673,0.916838288],"shapeName":"/levels/west_coast_usa/art/shapes/rocks/eca_rock_big_narrow.dae","useInstanceRenderData":true}
