{"class":"TSStatic","__parent":"Mountain_Trail","position":[466.101288,-636.529175,171.329086],"isRenderEnabled":false,"rotationMatrix":[-0.293241978,-0.956038535,0,0.956038535,-0.293241978,0,0,0,1],"shapeName":"/levels/west_coast_usa/art/shapes/trees/trees_oak/oak_a.dae","useInstanceRenderData":true}
{"class":"TSStatic","__parent":"Mountain_Trail","position":[437.463013,-644.579285,168.615723],"isRenderEnabled":false,"shapeName":"/levels/west_coast_usa/art/shapes/trees/trees_oak/oak_a.dae","useInstanceRenderData":true}
{"class":"TSStatic","__parent":"Mountain_Trail","position":[717.913147,-475.723389,165.315231],"isRenderEnabled":false,"rotationMatrix":[-0.717990279,0.696053505,0,-0.696053505,-0.717990279,0,0,0,1],"shapeName":"/levels/west_coast_usa/art/shapes/trees/trees_conifer/pine_radiata_weathered.dae","useInstanceRenderData":true}
{"class":"TSStatic","__parent":"Mountain_Trail","position":[544.550537,-539.406738,161.616745],"isRenderEnabled":false,"rotationMatrix":[0.989069879,0,-0.147447646,0,1,0,0.147447646,0,0.989069879],"scale":[1.45297194,1.2593751,1.45297194],"shapeName":"/levels/west_coast_usa/art/shapes/rocksJV/s_rocks_desert_huge_sheet_2.dae","useInstanceRenderData":true}
{"class":"DecalRoad","persistentId":"a1f0f2a2-726e-4a1e-a0ac-3a64774ee368","__parent":"Mountain_Trail","position":[127.574989,82.4557266,119.384193],"drivability":0.100000001,"improvedSpline":true,"material":"road_invisible","nodes":[[127.574989,82.4557266,119.384193,6],[131.256943,77.4187393,119.384193,6]]}
{"name":"NewMeshRoad4","class":"MeshRoad","__parent":"Mountain_Trail","position":[477.121368,-477.692261,153.398499],"hidden":true,"nodes":[[475.434631,-477.388947,151.403915,15,1.5,0,0,1],[464.901367,-479.107086,150.910431,15,1.5,0,0,1],[455.49704,-480.551514,151.436432,15,1.5,0,0.0270035453,0.999635339],[449.542969,-481.290619,151.593506,15,1.5,0,0,1],[429.73111,-486.095612,149.161011,15,1.5,0,0,1],[405.024139,-492.327179,149.982849,15,1.5,0,0,1],[389.814423,-499.004791,146.426804,15,1.5,0,0,1],[368.398132,-514.668518,144.941345,15,1.5,0,0,1],[355.325592,-535.482239,146.864822,15,1.5,-0.0975292698,0,0.995232701],[341.878906,-546.973999,144.448669,15,1.5,-0.412693501,-0.240639552,0.87850821],[331.67334,-556.797729,142.147842,15,1.5,0.413668275,0,0.91042769],[330.767944,-571.724243,143.385406,15,1.5,0,0.377096146,0.926174104],[345.205261,-578.122986,146.086502,15,1.5,0,0,1],[353.496552,-580.960205,148.84874,15,1.5,0,0,1],[365.147705,-582.604126,150.514786,15,1.5,0,-0.202243358,0.979335308],[376.203186,-591.250122,153.553146,15,1.5,-0.296287358,0,0.955098867],[384.238831,-601.597168,158.499298,15,1.5,-0.223749131,0,0.974646747],[389.359406,-610.030029,160.43486,15,1.5,0.0575672351,0,0.99834162],[395.889221,-617.595215,160.931229,15,1.5,0,0.156427234,0.987689495],[410.991302,-624.586975,160.578888,15,1.5,0,0.0963199958,0.99535042],[428.889954,-630.659119,167.585602,15,1.5,0,0.014971057,0.999887943],[446.014954,-637.495911,171.551483,15,1.5,0,-0.154735371,0.987955928],[455.936646,-642.579773,170.130814,15,1.5,0,-0.191450298,0.981502295],[463.156219,-648.407776,170.760864,15,1.5,0,-0.123607315,0.992331207]]}
{"name":"NewMeshRoad6","class":"MeshRoad","__parent":"Mountain_Trail","position":[337.281616,-710.691406,156.333694],"hidden":true,"nodes":[[337.771973,-709.181335,155.016113,12,1,-0.135963216,0,0.990713894],[338.278595,-689.920715,157.071594,15,1,-0.0770198554,0,0.997029543],[336.564056,-674.753784,154.962677,15,1,0,0,1],[332.252747,-643.256409,145.148804,15,1,0,0,1],[332.649261,-611.781372,148.833633,15,1,0,0,1],[331.454315,-574.319641,144.665176,15,1,0.0369515121,0,0.99931705]]}
{"class":"DecalRoad","persistentId":"840035cf-3f55-4a87-85bb-8386937dad69","__parent":"Mountain_Trail","position":[869.975342,-484.085754,162.9375],"improvedSpline":true,"material":"road_gravel_02","nodes":[[869.975342,-484.085754,162.9375,5],[860.922241,-481.622833,163.965744,5],[856.008545,-480.09552,164.354965,5],[850.919983,-477.490875,164.69371,5],[847.640747,-474.136169,164.902603,5],[844.153381,-470.126923,164.97142,5],[838.04187,-464.873627,164.830688,5],[831.962219,-463.557648,164.689163,5],[822.889221,-464.475525,165.313721,5],[813.074768,-466.75116,166.460693,5],[806.648621,-468.750336,167.195953,5],[801.517639,-470.448883,167.842712,5],[795.461792,-472.876221,168.707642,5],[787.568054,-478.956482,169.945038,5],[781.556702,-485.740448,170.706009,5],[775.514099,-490.65094,171.333679,5],[771.325989,-492.347595,171.712265,5],[767.362427,-492.309265,171.940018,5],[761.651794,-490.632385,171.793015,5],[756.87677,-487.021088,170.378677,5],[750.985779,-483.638824,168.608582,5],[745.779175,-481.403595,167.891312,5],[741.412231,-480.616333,167.772369,5],[737.415222,-480.975464,168.019684,5],[733.653198,-482.940002,168.729858,5],[730.734558,-485.315765,169.706467,5],[728.545044,-488.368134,170.750916,5],[726.55072,-493.315796,172.193649,5],[724.188721,-498.463715,173.181259,5],[719.043335,-503.575439,173.294174,5],[713.03302,-507.24176,173.886185,5],[703.606995,-510.074463,175.963287,5],[699.662781,-511.342468,176.737289,5],[696.124878,-513.447327,177.559158,5],[692.560303,-516.511169,178.69809,5],[686.331909,-521.607788,180.204651,5],[680.385925,-526.779236,181.643753,5],[674.745728,-529.949158,182.804352,5],[669.220703,-532.191772,183.524338,5],[663.095032,-533.246765,183.58165,5],[657.811523,-532.97113,182.814697,5],[652.027405,-530.806824,180.998932,5],[647.410095,-528.112183,178.844055,5],[642.799377,-528.341248,177.461227,5],[635.020813,-529.804871,175.672134,5],[628.221802,-531.925049,174.530502,5],[621.173645,-535.693115,174.11113,5],[616.416687,-539.386719,174.773163,5],[611.859802,-541.504028,174.637634,5],[604.110046,-543.933228,173.298004,5],[596.854736,-547.497253,173.029129,5],[588.809204,-551.565979,173.249176,5],[579.562317,-557.758057,173.993668,5],[571.826843,-563.309021,175.228195,5],[566.086304,-568.243713,176.685425,5],[561.770142,-573.528992,178.547562,5],[562.159363,-579.731018,181.031036,5]],"renderPriority":2,"startEndFade":[2,2]}
{"class":"DecalRoad","persistentId":"c39d04b5-ac5c-4b81-b197-e7f465a9d57e","__parent":"Mountain_Trail","position":[869.975342,-484.085754,162.9375],"improvedSpline":true,"material":"m_dirt_tiretracks","nodes":[[869.975342,-484.085754,162.9375,3.5],[860.922241,-481.622833,163.965744,3.5],[857.033203,-480.759369,164.284576,3.5],[850.919983,-477.490875,164.69371,3.5],[848.315613,-475.671295,164.84697,3.5],[844.153381,-470.126923,164.97142,3.5],[838.04187,-464.873627,164.830688,3.5],[831.962219,-463.557648,164.689163,3.5],[822.889221,-464.475525,165.313721,3.5],[813.074768,-466.75116,166.460693,3.5],[805.732422,-468.974121,167.304794,3.5],[798.877686,-471.034088,168.18222,3.5],[794.189209,-473.121429,168.906647,3.5],[789.095764,-478.269165,169.763382,3.5],[783.764526,-483.570404,170.480453,3.5],[775.514099,-490.65094,171.333679,3.5],[771.325989,-492.347595,171.712265,3.5],[767.362427,-492.309265,171.940018,3.5],[761.651794,-490.632385,171.793015,3.5],[756.87677,-487.021088,170.378677,3.5],[751.199707,-482.811646,168.577057,3.5],[745.871521,-480.036041,167.894699,3.5],[741.677429,-479.144226,167.827377,3.5],[737.291687,-480.410645,168.031525,3.5],[733.375732,-482.441101,168.732681,3.5],[730.404846,-484.956085,169.705078,3.5],[727.783142,-487.889435,170.753082,3.5],[725.974426,-492.961426,172.134171,3.5],[723.699341,-497.970642,173.081711,3.5],[719.043335,-503.575439,173.294174,3.5],[713.03302,-507.24176,173.886185,3.5],[703.612671,-509.827484,175.944824,3.5],[699.424072,-511.298157,176.773392,3.5],[696.713867,-512.922424,177.386307,3.5],[692.560303,-516.511169,178.69809,3.5],[686.331909,-521.607788,180.204651,3.5],[680.385925,-526.779236,181.643753,3.5],[674.745728,-529.949158,182.804352,3.5],[669.220703,-532.191772,183.524338,3.5],[663.095032,-533.246765,183.58165,3.5],[657.811523,-532.97113,182.814697,3.5],[652.027405,-530.806824,180.998932,3.5],[647.410095,-528.112183,178.844055,3.5],[642.811279,-527.919067,177.423828,3.5],[635.644409,-528.697388,175.770813,3.5],[628.320251,-531.279541,174.575089,3.5],[620.364746,-534.991821,174.079208,3.5],[616.416687,-539.386719,174.773163,3.5],[611.953369,-541.022888,174.619278,3.5],[605.107727,-542.770203,173.48317,3.5],[596.689819,-547.00592,172.974167,3.5],[588.873169,-551.267395,173.230286,3.5],[579.651306,-557.322021,173.95256,3.5],[571.880493,-562.90802,175.178726,3.5],[566.035095,-568.081116,176.656464,3.5],[561.549072,-573.34137,178.498978,3.5],[562.159363,-579.731018,181.031036,3.5]],"renderPriority":2,"startEndFade":[2,2],"textureLength":10}
{"name":"NewMeshRoad2","class":"MeshRoad","__parent":"Mountain_Trail","position":[554.048706,-524.981262,160.407852],"hidden":true,"nodes":[[553.418762,-524.882629,159.219742,12,1,0,0,1],[555.036499,-535.423462,159.797989,10,1,0,0,1],[550.811401,-541.88501,164.332596,7,1,-0.12834844,0,0.99172914],[549.46521,-551.109924,167.094666,7,1,0.0699274093,0,0.997552097],[552.338318,-564.7229,172.439713,7,1,0,0,1],[555.927856,-570.812561,175.263306,7,1,0,0,1],[560.462097,-575.589783,178.178909,7,1,0,0.422763824,0.906239927]]}
{"name":"NewMeshRoad","class":"MeshRoad","__parent":"Mountain_Trail","position":[866.939453,-482.336578,165.300156],"hidden":true,"nodes":[[868.232971,-483.23291,163.679398,6,1.5,0,0.0355952866,0.999366283],[858.574951,-480.96106,165.502335,6,1.5,0,0,1],[853.231384,-479.512482,165.74823,6,1.5,0,0,1],[846.705444,-472.593079,164.186829,6,1.5,0,0,1],[839.782654,-465.201874,164.834167,6,1.5,-0.0628732294,-0.231734246,0.970745206],[825.859375,-463.682861,163.864655,6,1.5,0,0,1],[811.830566,-467.123688,165.509369,6,1.5,0,-0.0800302774,0.996792436],[800.721375,-470.005249,167.98877,6,1.5,0,-0.085237138,0.99636066],[792.946472,-474.036285,168.719116,6,1.5,0.0477188006,-0.157456145,0.986372411],[782.689575,-485.143555,170.451889,6,1.5,0.396350771,0.244018778,0.885076761],[769.611206,-492.834534,171.070343,7,1.5,0,0.222372934,0.974961638],[755.249084,-485.812256,168.638016,6,1.5,-0.464767992,0.124717683,0.876604974],[744.400879,-478.910919,166.515976,8,1.5,0,-0.0847336054,0.996403635],[734.875854,-481.277802,168.098709,6,1.5,0,-0.10227266,0.994756401],[727.580444,-488.229431,170.733871,6,1.5,0,-0.133025348,0.991112649],[722.219727,-501.378723,173.419189,6,1.5,0,0.440554678,0.897725761],[707.637085,-508.776703,174.105881,6,1.5,0,0.294648081,0.955605865],[699.873901,-511.721771,176.040054,6,1.5,0,-0.180576041,0.983561039],[691.101562,-517.772217,178.731995,6,1.5,0.114708975,-0.0251267999,0.993081331],[678.293884,-528.989319,181.046478,6,1.5,0,0.306546688,0.951855659],[659.896118,-533.475037,182.388596,6,1.5,0,0.308982849,0.951067567],[643.584717,-527.092957,177.303558,8,1.5,0,-0.34522751,0.938519001],[623.983582,-533.627625,174.025909,6,1.5,0,-0.140736878,0.990047038],[615.664673,-539.921814,173.976929,6,1.5,0,0,1],[606.350159,-543.064148,173.099136,6,1.5,0,0,1],[582.644043,-555.661377,172.844864,6,1.5,0,-0.206097394,0.97853148],[562.177734,-572.134583,176.741119,6,1.5,0.21104379,0.190483689,0.958736897],[565.733582,-587.349976,184.502121,6,1.5,-0.0396187678,0,0.999214888],[569.022461,-606.156372,190.857208,6,1.5,-0.406293899,0,0.913742483],[562.04895,-640.270996,192.234558,6,1.5,0.0386047885,0,0.999254584],[559.443848,-660.226257,195.03743,6,1.5,0.268106818,0,0.963389158],[573.336609,-667.84137,200.756485,6,1.5,0,0,1]]}
{"name":"NewMeshRoad1","class":"MeshRoad","__parent":"Mountain_Trail","position":[707.401062,-476.281616,164.174042],"hidden":true,"nodes":[[706.911011,-472.527039,161.93132,11,1.5,0,0,1],[709.550537,-482.989105,163.034393,11,1.5,0,0,1],[710.83136,-487.10083,165.29808,11,1.5,0,0,1],[711.970398,-491.679382,167.069778,11,1.5,0,0,1],[712.72876,-494.861328,169.330551,11,1.5,0,0,1],[713.141724,-498.207794,170.329895,11,1.5,0,0,1],[713.461731,-502.525024,173.585678,11,1.5,0,0,1],[714.118103,-509.719788,174.80336,11,1.5,0,0,1]]}
{"class":"TSStatic","__parent":"Mountain_Trail","position":[554.197449,-537.614197,161.176514],"isRenderEnabled":false,"rotationMatrix":[0.807511687,0.492173165,-0.325100869,-0.582247913,0.753315508,-0.305782974,0.0944053903,0.436212599,0.894877791],"scale":[1.07410192,1.10522628,1],"shapeName":"/levels/west_coast_usa/art/shapes/rocksJV/s_rocks_desert_huge_sheet_3.dae","useInstanceRenderData":true}
{"class":"TSStatic","__parent":"Mountain_Trail","position":[545.989014,-543.64563,164.710861],"hidden":true,"isRenderEnabled":false,"rotationMatrix":[0.532248259,0.787637889,-0.310384423,-0.836911976,0.544800103,-0.0526436418,0.127633363,0.287783861,0.94915235],"scale":[1.17780614,1.17780614,1.69645786],"shapeName":"/levels/west_coast_usa/art/shapes/rocksJV/s_rocks_desert_huge_sheet_1.dae","useInstanceRenderData":true}
{"class":"TSStatic","__parent":"Mountain_Trail","position":[550.566101,-546.596008,164.720245],"isRenderEnabled":false,"rotationMatrix":[1,0,0,0,0.942495525,-0.334218889,0,0.334218889,0.942495525],"scale":[1.43861413,1.5471065,1.43861413],"shapeName":"/levels/west_coast_usa/art/shapes/rocksJV/s_rocks_desert_collection_03.dae","useInstanceRenderData":true}
{"class":"TSStatic","__parent":"Mountain_Trail","position":[547.456726,-550.596252,166.598648],"isRenderEnabled":false,"rotationMatrix":[0.603582621,-0.738918304,0.299479336,0.797300577,0.5593853,-0.226715773,2.98023224e-08,0.375616699,0.926775098],"scale":[1.10578084,1.16907048,0.834721565],"shapeName":"/levels/west_coast_usa/art/shapes/rocksJV/s_rocks_desert_collection_01.dae","useInstanceRenderData":true}
{"class":"TSStatic","__parent":"Mountain_Trail","position":[550.115845,-563.872131,172.129547],"isRenderEnabled":false,"rotationMatrix":[-0.932098508,-0.355563611,0.069044821,0.350416332,-0.836987495,0.420310229,-0.0916573778,0.415964931,0.904749751],"scale":[0.900746942,1,1],"shapeName":"/levels/west_coast_usa/art/shapes/rocksJV/s_rocks_desert_huge_sheet_3.dae","useInstanceRenderData":true}
{"class":"TSStatic","__parent":"Mountain_Trail","position":[551.874756,-568.054504,173.615829],"isRenderEnabled":false,"rotationMatrix":[-0.681233764,0.66720885,-0.301252693,-0.727524936,-0.571263909,0.379954129,0.0814139843,0.478006393,0.874575138],"scale":[1,1.1252532,1.1252532],"shapeName":"/levels/west_coast_usa/art/shapes/rocksJV/s_rocks_desert_huge_sheet_3.dae","useInstanceRenderData":true}
{"class":"TSStatic","__parent":"Mountain_Trail","position":[551.194153,-552.238892,167.39325],"isRenderEnabled":false,"rotationMatrix":[0.568739891,0.779560626,-0.262336165,-0.817649066,0.501195967,-0.283289284,-0.089359276,0.375616819,0.922457039],"scale":[1.10578084,1.16907048,0.834721565],"shapeName":"/levels/west_coast_usa/art/shapes/rocksJV/s_rocks_desert_collection_01.dae","useInstanceRenderData":true}
{"class":"TSStatic","__parent":"Mountain_Trail","position":[554.955383,-549.917725,167.738632],"isRenderEnabled":false,"rotationMatrix":[0.362485647,0.920894265,-0.143381357,-0.930508733,0.366270125,1.49011612e-08,0.0525163449,0.133417562,0.989667535],"scale":[1,1,1.38163567],"shapeName":"/levels/west_coast_usa/art/shapes/rocksJV/s_rocks_desert_large_03.dae","useInstanceRenderData":true}
{"class":"TSStatic","__parent":"Mountain_Trail","position":[560.054016,-537.530029,162.726791],"isRenderEnabled":false,"scale":[1.7593348,1.83722949,1.77228785],"shapeName":"/levels/west_coast_usa/art/shapes/rocksJV/s_rocks_desert_large_06.dae","useInstanceRenderData":true}
{"class":"TSStatic","__parent":"Mountain_Trail","position":[546.939148,-532.825317,161.306946],"isRenderEnabled":false,"rotationMatrix":[0.991642833,-0.129013762,0,0.129013762,0.991642833,0,0,0,1],"scale":[1.24184418,1.31503272,1.24184418],"shapeName":"/levels/west_coast_usa/art/shapes/rocksJV/s_rocks_desert_large_03.dae","useInstanceRenderData":true}
{"class":"DecalRoad","persistentId":"9185db41-0bbe-4614-9b3f-7e5c8083cb3e","__parent":"Mountain_Trail","position":[704.026184,-480.145508,161.326675],"improvedSpline":true,"material":"bank_erosion","nodes":[[704.026184,-480.145508,161.326675,4],[705.919128,-487.822418,164.518539,3],[706.896973,-493.932922,168.347137,3],[709.196594,-501.223938,172.041,3],[709.376526,-503.853455,173.686249,3]],"startEndFade":[2,2],"textureLength":15}
{"class":"DecalRoad","persistentId":"3f9b43a7-eaf2-42e6-a7d5-5bd49ee2572e","__parent":"Mountain_Trail","position":[579.376099,-665.379517,200.848007],"improvedSpline":true,"material":"road_gravel_02","nodes":[[579.376099,-665.379517,200.848007,5],[576.875916,-668.862915,200.588623,5],[572.217407,-669.070862,199.877151,5],[568.29425,-667.623169,198.61673,5]],"renderPriority":7,"startEndFade":[3,3]}
{"class":"DecalRoad","persistentId":"58cd9a1b-6676-4cb5-a366-23d2cb6338da","__parent":"Mountain_Trail","position":[564.845093,-563.98645,175.719101],"improvedSpline":true,"material":"bank_erosion","nodes":[[564.845093,-563.98645,175.719101,3],[563.318359,-565.652527,176.264877,3],[561.188904,-568.395386,177.240204,3],[559.727234,-568.899536,177.009567,3],[558.299744,-568.086853,175.869751,3],[556.610962,-564.625732,173.46936,3],[554.71521,-560.527649,171.037674,3],[553.879761,-556.322083,169.265778,3],[553.422485,-547.776855,166.116287,3],[553.811646,-543.554688,164.461487,3.5],[556.536072,-538.811462,160.541306,3.5],[559.059082,-533.694946,158.851532,3.5],[559.081299,-529.707397,159.454254,3.5],[557.799622,-524.686401,158.889618,3]],"startEndFade":[2,2],"textureLength":15}
{"class":"DecalRoad","persistentId":"eb541ee1-8b93-49a9-82e5-2fda5af3e789","__parent":"Mountain_Trail","position":[576.540955,-679.406189,200.671799],"improvedSpline":true,"material":"road_gravel_02","nodes":[[576.540955,-679.406189,200.671799,5],[576.013855,-675.412415,200.668701,5],[573.238464,-670.785339,200.271179,5],[568.29425,-667.623169,198.61673,5]],"renderPriority":8,"startEndFade":[3,3]}
{"class":"DecalRoad","persistentId":"9c212f4f-ef57-4fd2-afa8-e2d0e799443d","__parent":"Mountain_Trail","position":[550.317505,-525.582642,158.556061],"improvedSpline":true,"material":"bank_erosion","nodes":[[550.317505,-525.582642,158.556061,3],[550.548828,-529.651489,159.196335,3],[550.873413,-531.936157,159.548035,3],[550.427246,-533.839844,160.053543,3],[548.650757,-536.535278,160.762833,3],[547.060486,-540.756714,162.329086,3],[545.962158,-545.046082,164.344757,3],[545.706604,-551.391296,167.147049,3],[547.5896,-561.321167,171.166611,3],[551.38501,-569.289185,174.570618,3],[554.463135,-573.281128,176.613571,3],[556.755493,-574.734497,178.563019,3]],"startEndFade":[2,2],"textureLength":15}
{"name":"WaterBlock_4","class":"WaterBlock","__parent":"Mountain_Trail","position":[820.872803,-465.608185,162.939499],"Foam":[{},{}],"Ripples (texture animation)":[{"rippleDir":[0,1],"rippleSpeed":0.0649999976,"rippleTexScale":[7.13999987,7.13999987]},{"rippleDir":[0.707000017,0.707000017],"rippleSpeed":0.0900000036,"rippleTexScale":[6.25,12.5]},{"rippleDir":[0.5,0.860000014],"rippleSpeed":0.0399999991,"rippleTexScale":[50,50]}],"Waves (vertex undulation)":[{"waveDir":[0,1],"waveMagnitude":0.200000003,"waveSpeed":1},{"waveDir":[0.707000017,0.707000017],"waveMagnitude":0.200000003,"waveSpeed":1},{"waveDir":[0.5,0.860000014],"waveMagnitude":0.200000003,"waveSpeed":1}],"baseColor":[34,34,33,255],"clarity":0.300000012,"cubemap":"DefaultSkyCubemap","depthGradientTex":"core/art/water/depthcolor_ramp.dds","distortStartDist":0.100000016,"foamMaxDepth":1.99999988,"foamTex":"core/art/water/foam.dds","overallRippleMagnitude":0.599999905,"overallWaveMagnitude":0.099999927,"reflectTexSize":0,"rippleTex":"core/art/water/ripple.dds","rotationMatrix":[-0.0384678841,-0.999259889,2.79396772e-08,0.998449266,-0.0384366512,-0.0402724743,0.0402426645,-0.00154916197,0.999188721],"scale":[19.4488583,19.6483383,10],"specularColor":[0.281452596,0.281452596,0.281452596,1],"underwaterColor":[81,62,56,240],"waterFogDensity":1.00000012,"waterFogDensityOffset":0.399999917,"wetDarkening":0.100000016,"wetDepth":0.299999803}
{"class":"DecalRoad","persistentId":"bf393bdc-4033-4c45-95d1-d1fe910e8c6a","__parent":"Mountain_Trail","position":[714.773499,-505.205475,173.37912],"improvedSpline":true,"material":"road_gravel_02","nodes":[[714.773499,-505.205475,173.37912,7],[714.154846,-499.426575,170.936249,7],[712.966675,-493.889679,167.229187,8],[711.894592,-486.839294,163.642242,8],[710.182251,-478.518036,161.26123,8],[707.051941,-469.335785,161.570633,12]],"renderPriority":9,"startEndFade":[1,2]}
{"class":"DecalRoad","persistentId":"412472fd-aa59-45b6-8c50-461c5b070dd1","__parent":"Mountain_Trail","position":[553.815796,-522.996948,158.54216],"improvedSpline":true,"material":"road_gravel_02","nodes":[[553.815796,-522.996948,158.54216,5],[554.250305,-527.064087,158.870026,5],[554.909546,-532.150208,159.140656,5],[553.668213,-535.667542,160.010803,5.5],[551.215515,-539.423889,161.861511,5.5],[549.771606,-543.700928,163.786484,5.5],[549.337952,-547.874451,165.498245,5.5],[549.40155,-552.754211,167.320312,5.5],[550.428284,-557.997681,169.374619,5.5],[552.140869,-563.604187,171.569504,5.5],[554.34967,-567.210144,174.051819,5.5],[556.259216,-570.604187,176.256805,5],[559.360535,-572.835999,178.387405,5],[561.375366,-577.004639,179.926819,5],[563.065002,-582.529602,182.243256,5],[565.820435,-588.947205,185.678772,5],[568.030945,-596.665527,188.922775,5],[569.185852,-602.933289,190.651917,5],[568.394409,-611.550415,191.70401,5],[566.477905,-621.834351,192.767456,5],[563.26593,-632.041382,193.532944,5],[561.586975,-641.793396,194.829407,5],[560.042847,-653.09967,195.684189,5],[559.413757,-659.673096,196.001694,5],[561.026672,-663.069214,196.43338,5],[563.962708,-666.022461,197.24823,5],[568.080383,-668.037476,198.645172,5],[570.418823,-669.266235,199.515396,5],[576.539124,-672.758911,200.610901,5]]}
{"class":"DecalRoad","persistentId":"30fb88ea-49c8-4ace-ae72-3ab8edecfc13","__parent":"Mountain_Trail","position":[553.815796,-522.996948,158.54216],"improvedSpline":true,"material":"m_dirt_tiretracks","nodes":[[553.815796,-522.996948,158.54216,3.5],[554.250305,-527.064087,158.870026,3.5],[554.909546,-532.150208,159.140656,3.5],[553.668213,-535.667542,160.010803,3.5],[551.215515,-539.423889,161.861511,3.5],[549.771606,-543.700928,163.786484,3.5],[549.337952,-547.874451,165.498245,3.5],[549.40155,-552.754211,167.320312,3.5],[550.428284,-557.997681,169.374619,3.5],[552.140869,-563.604187,171.569504,3.5],[554.34967,-567.210144,174.051819,3.5],[556.259216,-570.604187,176.256805,3.5],[559.360535,-572.835999,178.387405,3.5],[561.375366,-577.004639,179.926819,3.5],[563.065002,-582.529602,182.243256,3.5],[565.820435,-588.947205,185.678772,3.5],[568.030945,-596.665527,188.922775,3.5],[569.185852,-602.933289,190.651917,3.5],[568.394409,-611.550415,191.70401,3.5],[566.477905,-621.834351,192.767456,3.5],[563.141968,-631.967896,193.526031,3.5],[561.586975,-641.793396,194.829407,3.5],[560.042847,-653.09967,195.684189,3.5],[558.864685,-659.937195,195.981323,3.5],[560.590576,-663.333008,196.438766,3.5],[563.962708,-666.022461,197.24823,3.5],[568.080383,-668.037476,198.645172,3.5],[570.418823,-669.266235,199.515396,3.5],[576.539124,-672.758911,200.610901,3.5]],"startEndFade":[2,2],"textureLength":10}
{"class":"DecalRoad","persistentId":"4adc348b-7d1c-4c0e-9890-dd09990ed68b","__parent":"Mountain_Trail","position":[713.630554,-506.568665,173.706558],"improvedSpline":true,"material":"m_dirt_tiretracks_02","nodes":[[713.630554,-506.568665,173.706558,5],[713.685303,-499.53479,170.905029,5],[713.42395,-492.930939,166.802963,5],[711.932373,-483.978699,162.462204,5],[708.42395,-468.190765,161.601257,5],[705.380005,-460.016449,161.499161,5]],"renderPriority":9,"startEndFade":[2,2],"textureLength":10}
{"class":"DecalRoad","persistentId":"63ca7178-d8e7-46bc-8f45-e60b0b892d4b","__parent":"Mountain_Trail","position":[714.861633,-504.455017,173.221588],"improvedSpline":true,"material":"m_dirt_tiretracks","nodes":[[714.861633,-504.455017,173.221588,5],[714.186707,-499.225098,170.820999,5],[711.953369,-493.250061,166.723221,5],[711.590515,-484.636505,162.591354,5],[708.895691,-474.686554,161.384796,5],[707.916382,-468.635559,161.588974,5]],"renderPriority":9,"startEndFade":[2,2],"textureLength":10}
{"class":"TSStatic","__parent":"Mountain_Trail","position":[559.199158,-562.850952,172.104279],"isRenderEnabled":false,"rotationMatrix":[-0.461374879,-0.875543118,-0.143381372,0.884684086,-0.466191769,2.23517418e-08,-0.0668431818,-0.126847178,0.989667535],"scale":[1.71507001,1.70713115,2.36960196],"shapeName":"/levels/west_coast_usa/art/shapes/rocksJV/s_rocks_desert_large_03.dae","useInstanceRenderData":true}
{"class":"DecalRoad","persistentId":"b065c43b-6e9a-4b81-920a-cf712bfb9620","__parent":"Mountain_Trail","position":[555.048889,-524.989868,158.765366],"improvedSpline":true,"material":"road_gravel_02","nodes":[[555.048889,-524.989868,158.765366,5],[566.537842,-522.875854,159.188812,5],[579.330811,-523.046631,159.978455,5],[581.185059,-530.568909,162.783157,5],[583.165894,-538.961121,166.937973,5.5],[586.218872,-544.761353,170.391678,7.25],[589.795593,-550.169312,173.158875,15]],"startEndFade":[2,2]}
{"class":"DecalRoad","persistentId":"aa0cadf3-9c7f-45cd-9dcc-5b77ca3dff67","__parent":"Mountain_Trail","position":[737.129822,-480.256989,168.04863],"improvedSpline":true,"material":"road_gravel_02","nodes":[[737.129822,-480.256989,168.04863,5],[745.684326,-472.203766,165.850159,5],[746.880798,-463.651917,163.403244,5],[741.356873,-458.577026,162.452118,5],[734.365051,-456.299896,162.246948,5]],"renderPriority":9,"startEndFade":[1,5]}
{"class":"TSStatic","__parent":"Mountain_Trail","position":[555.400452,-545.02063,164.642258],"hidden":true,"isRenderEnabled":false,"rotationMatrix":[0.14174819,0.135717154,-0.980555236,-0.00152475387,-0.990526199,-0.137317613,-0.989901721,0.0209596418,-0.140198708],"scale":[1.38953471,1.48696232,1.91983104],"shapeName":"/levels/west_coast_usa/art/shapes/rocksJV/s_rocks_desert_large_03.dae","useInstanceRenderData":true}
{"class":"TSStatic","__parent":"Mountain_Trail","position":[543.149475,-548.93158,165.352264],"isRenderEnabled":false,"rotationMatrix":[-0.195951581,-0.0107125938,-0.980555177,0.646101356,0.75079751,-0.137317598,0.737669468,-0.660445571,-0.140198588],"scale":[1.38953471,1.48696232,1.91983104],"shapeName":"/levels/west_coast_usa/art/shapes/rocksJV/s_rocks_desert_large_03.dae","useInstanceRenderData":true}
{"class":"TSStatic","__parent":"Mountain_Trail","position":[545.677063,-560.035217,169.699493],"isRenderEnabled":false,"rotationMatrix":[0.126690924,0.149870902,-0.980554819,0.10264653,-0.985193849,-0.137317717,-0.98661685,-0.0832536742,-0.140198588],"scale":[1.38953471,1.48696232,1.91983104],"shapeName":"/levels/west_coast_usa/art/shapes/rocksJV/s_rocks_desert_large_03.dae","useInstanceRenderData":true}
{"class":"TSStatic","__parent":"Mountain_Trail","position":[551.267761,-573.365845,174.392014],"isRenderEnabled":false,"rotationMatrix":[0.795205474,0.589143574,-0.143381387,-0.595294416,0.803507686,-4.09781933e-08,0.11520803,0.0853541642,0.989667535],"scale":[1.71507001,1.70713115,2.36960196],"shapeName":"/levels/west_coast_usa/art/shapes/rocksJV/s_rocks_desert_large_03.dae","useInstanceRenderData":true}
{"class":"TSStatic","__parent":"Mountain_Trail","position":[554.768188,-558.614502,170.146744],"isRenderEnabled":false,"rotationMatrix":[0.636249244,0.771298766,0.0168879032,-0.656113625,0.552488208,-0.51407373,-0.405834764,0.315998614,0.857579768],"scale":[1.17780614,1.17780614,1.69645786],"shapeName":"/levels/west_coast_usa/art/shapes/rocksJV/s_rocks_desert_huge_sheet_1.dae","useInstanceRenderData":true}
{"class":"TSStatic","__parent":"Mountain_Trail","position":[549.60968,-557.036743,169.189117],"isRenderEnabled":false,"rotationMatrix":[0.982904732,0.14620012,-0.111909658,-0.183821529,0.813543677,-0.551684976,0.0103869699,0.562825203,0.826510668],"scale":[0.900746942,1,1],"shapeName":"/levels/west_coast_usa/art/shapes/rocksJV/s_rocks_desert_huge_sheet_3.dae","useInstanceRenderData":true}
{"class":"TSStatic","__parent":"Mountain_Trail","position":[555.126221,-565.570374,173.091476],"isRenderEnabled":false,"rotationMatrix":[-0.937253475,-0.175505713,-0.301252663,0.0508253835,-0.923607707,0.37995407,-0.344923496,0.340802103,0.874575138],"scale":[1,1.1252532,1.1252532],"shapeName":"/levels/west_coast_usa/art/shapes/rocksJV/s_rocks_desert_huge_sheet_3.dae","useInstanceRenderData":true}
