{"name":"mudDragFence_Main_1","class":"TSStatic","__parent":"mudDragFence","position":[534.899658,-457.105927,154.404724],"isRenderEnabled":false,"rotationMatrix":[0.920073509,0.39172563,-0.00396634452,-0.391743392,0.920055628,-0.00589124905,0.00134150451,0.00697417138,0.999974787],"shapeName":"/levels/west_coast_usa/art/shapes/objects/screenfence2.dae"}
{"name":"mudDragFence_Main_2","class":"TSStatic","__parent":"mudDragFence","position":[537.49292,-455.996246,154.404724],"isRenderEnabled":false,"rotationMatrix":[0.920578003,0.390468538,0.00839666091,-0.390438378,0.920615256,-0.00503752148,-0.00969708711,0.00135905331,0.999952078],"shapeName":"/levels/west_coast_usa/art/shapes/objects/screenfence2.dae"}
{"name":"mudDragFence_Main_3","class":"TSStatic","__parent":"mudDragFence","position":[540.086182,-454.886566,154.404724],"isRenderEnabled":false,"rotationMatrix":[0.918770134,0.394764781,-0.00471000653,-0.394753158,0.918781579,0.00322023593,0.00559870247,-0.00109936669,0.999983728],"shapeName":"/levels/west_coast_usa/art/shapes/objects/screenfence2.dae"}
{"name":"mudDragFence_Main_4","class":"TSStatic","__parent":"mudDragFence","position":[542.679382,-453.776886,154.404724],"isRenderEnabled":false,"rotationMatrix":[0.915794134,0.401574254,0.00769817643,-0.401575565,0.915824771,-0.00144043169,-0.0076286206,-0.00177226076,0.999969304],"shapeName":"/levels/west_coast_usa/art/shapes/objects/screenfence2.dae"}
{"name":"mudDragFence_Main_5","class":"TSStatic","__parent":"mudDragFence","position":[545.272644,-452.667206,154.404724],"isRenderEnabled":false,"rotationMatrix":[0.916802943,0.399318159,-0.00416912697,-0.399339914,0.916754186,-0.00945629552,4.59942967e-05,0.0103344582,0.999946594],"shapeName":"/levels/west_coast_usa/art/shapes/objects/screenfence2.dae"}
{"name":"mudDragFence_Main_6","class":"TSStatic","__parent":"mudDragFence","position":[547.865906,-451.557495,154.404724],"isRenderEnabled":false,"rotationMatrix":[0.918186486,0.396123618,0.00443328638,-0.396070868,0.918170691,-0.00950882398,-0.00783718284,0.00697497837,0.999944985],"shapeName":"/levels/west_coast_usa/art/shapes/objects/screenfence2.dae"}
{"name":"mudDragFence_Main_7","class":"TSStatic","__parent":"mudDragFence","position":[550.459167,-450.447815,154.404724],"isRenderEnabled":false,"rotationMatrix":[0.919947684,0.392024815,-0.00358090037,-0.392025471,0.919954181,0.000547343865,0.0035088365,0.000900276471,0.999993443],"shapeName":"/levels/west_coast_usa/art/shapes/objects/screenfence2.dae"}
{"name":"mudDragFence_Main_8","class":"TSStatic","__parent":"mudDragFence","position":[553.052429,-449.338135,154.404724],"isRenderEnabled":false,"rotationMatrix":[0.91684103,0.399251372,0.0009273506,-0.399239451,0.91682744,-0.00594459474,-0.00322360825,0.00508001354,0.99998188],"shapeName":"/levels/west_coast_usa/art/shapes/objects/screenfence2.dae"}
{"name":"mudDragFence_Main_9","class":"TSStatic","__parent":"mudDragFence","position":[555.64563,-448.228455,154.404724],"isRenderEnabled":false,"rotationMatrix":[0.920100868,0.391638815,0.00578269595,-0.391626418,0.920118809,-0.00318869902,-0.0065695853,0.000669268309,0.999978185],"shapeName":"/levels/west_coast_usa/art/shapes/objects/screenfence2.dae"}
{"name":"mudDragFence_Main_10","class":"TSStatic","__parent":"mudDragFence","position":[558.238892,-447.118774,154.404724],"isRenderEnabled":false,"rotationMatrix":[0.919979811,0.391909927,-0.00660989387,-0.391865402,0.919995129,0.00710669067,0.00886625238,-0.00394782331,0.999952912],"shapeName":"/levels/west_coast_usa/art/shapes/objects/screenfence2.dae"}
{"name":"mudDragFence_Main_11","class":"TSStatic","__parent":"mudDragFence","position":[560.832153,-446.009094,154.404724],"isRenderEnabled":false,"rotationMatrix":[0.915737391,0.401722521,-0.00664182613,-0.40165481,0.915741205,0.00956419483,0.00992434565,-0.00609056884,0.99993223],"shapeName":"/levels/west_coast_usa/art/shapes/objects/screenfence2.dae"}
{"name":"mudDragFence_Main_12","class":"TSStatic","__parent":"mudDragFence","position":[563.425415,-444.899414,154.404724],"isRenderEnabled":false,"rotationMatrix":[0.921918988,0.387374759,-0.00248696329,-0.387382627,0.921895325,-0.00660790177,-0.000267014373,0.00705535663,0.999975085],"shapeName":"/levels/west_coast_usa/art/shapes/objects/screenfence2.dae"}
{"name":"mudDragFence_Main_13","class":"TSStatic","__parent":"mudDragFence","position":[566.018677,-443.789734,154.404724],"isRenderEnabled":false,"rotationMatrix":[0.922646403,0.38561675,0.00483621191,-0.385641962,0.922626138,0.00642587291,-0.00198409148,-0.00779385446,0.999967635],"shapeName":"/levels/west_coast_usa/art/shapes/objects/screenfence2.dae"}
{"name":"mudDragFence_Main_14","class":"TSStatic","__parent":"mudDragFence","position":[568.611877,-442.680023,154.404724],"isRenderEnabled":false,"rotationMatrix":[0.918197691,0.396032512,0.00843933597,-0.396072149,0.918212175,0.00363620021,-0.00630904827,-0.00668133702,0.9999578],"shapeName":"/levels/west_coast_usa/art/shapes/objects/screenfence2.dae"}
{"name":"mudDragFence_Main_15","class":"TSStatic","__parent":"mudDragFence","position":[571.205139,-441.570343,154.404724],"isRenderEnabled":false,"rotationMatrix":[0.920677423,0.390207946,0.00952855684,-0.390138388,0.920718074,-0.00838625804,-0.0120454989,0.00400358345,0.999919415],"shapeName":"/levels/west_coast_usa/art/shapes/objects/screenfence2.dae"}
{"name":"mudDragFence_Main_16","class":"TSStatic","__parent":"mudDragFence","position":[573.798401,-440.460663,154.404724],"isRenderEnabled":false,"rotationMatrix":[0.91633153,0.400418907,-0.00110325485,-0.400419325,0.916319013,-0.00488204462,-0.000943929481,0.00491533568,0.999987483],"shapeName":"/levels/west_coast_usa/art/shapes/objects/screenfence2.dae"}
{"name":"mudDragFence_Main_17","class":"TSStatic","__parent":"mudDragFence","position":[576.391663,-439.350983,154.404724],"isRenderEnabled":false,"rotationMatrix":[0.919345498,0.393340379,0.009336452,-0.393409878,0.919333994,0.00732824579,-0.00570082292,-0.0104102418,0.999929547],"shapeName":"/levels/west_coast_usa/art/shapes/objects/screenfence2.dae"}
{"name":"mudDragFence_Main_18","class":"TSStatic","__parent":"mudDragFence","position":[578.984924,-438.241302,154.404724],"isRenderEnabled":false,"rotationMatrix":[0.922138631,0.386859626,-0.000103966857,-0.386857241,0.922131836,-0.00378639624,-0.00136893266,0.00353180245,0.999992847],"shapeName":"/levels/west_coast_usa/art/shapes/objects/screenfence2.dae"}
{"name":"mudDragFence_Main_19","class":"TSStatic","__parent":"mudDragFence","position":[581.578125,-437.131622,154.404724],"isRenderEnabled":false,"rotationMatrix":[0.92231214,0.386424154,0.00408420898,-0.386444539,0.922284245,0.00724018365,-0.000969019835,-0.00825602934,0.999965429],"shapeName":"/levels/west_coast_usa/art/shapes/objects/screenfence2.dae"}
{"name":"mudDragFence_Main_20","class":"TSStatic","__parent":"mudDragFence","position":[584.171387,-436.021942,154.404724],"isRenderEnabled":false,"rotationMatrix":[0.920533419,0.390644401,-0.00389554678,-0.390660912,0.920519292,-0.00532150175,0.00150711124,0.00642045774,0.999978244],"shapeName":"/levels/west_coast_usa/art/shapes/objects/screenfence2.dae"}
{"name":"mudDragFence_Main_21","class":"TSStatic","__parent":"mudDragFence","position":[586.764648,-434.912231,154.404724],"isRenderEnabled":false,"rotationMatrix":[0.915747881,0.401635617,0.00972889736,-0.401583999,0.915796459,-0.00686410582,-0.0116665587,0.00237882091,0.99992913],"shapeName":"/levels/west_coast_usa/art/shapes/objects/screenfence2.dae"}
{"name":"mudDragFence_Main_22","class":"TSStatic","__parent":"mudDragFence","position":[589.35791,-433.802551,154.404724],"isRenderEnabled":false,"rotationMatrix":[0.922936082,0.384948343,0.00194974453,-0.384933859,0.922928572,-0.00536385132,-0.00386428065,0.00419996912,0.999983728],"shapeName":"/levels/west_coast_usa/art/shapes/objects/screenfence2.dae"}
{"name":"mudDragFence_Main_23","class":"TSStatic","__parent":"mudDragFence","position":[591.951172,-432.692871,154.404724],"isRenderEnabled":false,"rotationMatrix":[0.917730808,0.397196501,0.00226175296,-0.397158414,0.917698324,-0.00974903628,-0.00594788976,0.00804871693,0.999949932],"shapeName":"/levels/west_coast_usa/art/shapes/objects/screenfence2.dae"}
{"name":"mudDragFence_Main_24","class":"TSStatic","__parent":"mudDragFence","position":[594.544373,-431.583191,154.404724],"isRenderEnabled":false,"rotationMatrix":[0.92287457,0.385022998,-0.0077368319,-0.38499856,0.92290622,0.00449040812,0.00886928104,-0.00116541411,0.999960005],"shapeName":"/levels/west_coast_usa/art/shapes/objects/screenfence2.dae"}
{"name":"mudDragFence_Main_25","class":"TSStatic","__parent":"mudDragFence","position":[597.137634,-430.473511,154.404724],"isRenderEnabled":false,"rotationMatrix":[0.915873826,0.401432782,-0.00518156774,-0.401446193,0.915880799,-0.00182495173,0.0040131025,0.00375154614,0.99998492],"shapeName":"/levels/west_coast_usa/art/shapes/objects/screenfence2.dae"}
{"name":"mudDragFence_Main_26","class":"TSStatic","__parent":"mudDragFence","position":[599.730896,-429.363831,154.404724],"isRenderEnabled":false,"rotationMatrix":[0.92283833,0.385177076,-0.00284216343,-0.385170102,0.922841609,0.0027192405,0.00367025589,-0.00141470297,0.999992251],"shapeName":"/levels/west_coast_usa/art/shapes/objects/screenfence2.dae"}
{"name":"mudDragFence_Main_27","class":"TSStatic","__parent":"mudDragFence","position":[602.324158,-428.25415,154.404724],"isRenderEnabled":false,"rotationMatrix":[0.916751325,0.399379581,0.00793284271,-0.399350375,0.916784525,-0.00504627824,-0.00928808842,0.00145819841,0.999955773],"shapeName":"/levels/west_coast_usa/art/shapes/objects/screenfence2.dae"}
{"name":"mudDragFence_Main_28","class":"TSStatic","__parent":"mudDragFence","position":[604.917419,-427.14444,154.404724],"isRenderEnabled":false,"rotationMatrix":[0.91657418,0.399825275,0.00561123807,-0.399861574,0.916532099,0.00892486982,-0.00157449045,-0.0104240235,0.999944448],"shapeName":"/levels/west_coast_usa/art/shapes/objects/screenfence2.dae"}
{"name":"mudDragFence_Main_29","class":"TSStatic","__parent":"mudDragFence","position":[607.51062,-426.03476,154.404724],"isRenderEnabled":false,"rotationMatrix":[0.917551816,0.397610962,-0.00204762653,-0.397608697,0.917553961,0.00143155758,0.00244801096,-0.000499374175,0.999996901],"shapeName":"/levels/west_coast_usa/art/shapes/objects/screenfence2.dae"}
{"name":"mudDragFence_Main_30","class":"TSStatic","__parent":"mudDragFence","position":[610.103882,-424.925079,154.404724],"isRenderEnabled":false,"rotationMatrix":[0.916983485,0.398902535,0.00425590947,-0.398872197,0.916983306,-0.00652611442,-0.00650588144,0.00428677537,0.999969661],"shapeName":"/levels/west_coast_usa/art/shapes/objects/screenfence2.dae"}
{"name":"mudDragFence_Main_31","class":"TSStatic","__parent":"mudDragFence","position":[612.697144,-423.815399,154.404724],"isRenderEnabled":false,"rotationMatrix":[0.915773213,0.40166086,-0.00529233925,-0.401622295,0.91577822,0.0070521161,0.00767916813,-0.00433261693,0.999961138],"shapeName":"/levels/west_coast_usa/art/shapes/objects/screenfence2.dae"}
{"name":"mudDragFence_Main_32","class":"TSStatic","__parent":"mudDragFence","position":[615.290405,-422.705719,154.404724],"isRenderEnabled":false,"rotationMatrix":[0.916548789,0.399904639,-0.00382397836,-0.399921447,0.916529536,-0.00603627134,0.00109085627,0.00706182793,0.999974489],"shapeName":"/levels/west_coast_usa/art/shapes/objects/screenfence2.dae"}
{"name":"mudDragFence_Main_33","class":"TSStatic","__parent":"mudDragFence","position":[617.883667,-421.596039,154.404724],"isRenderEnabled":false,"rotationMatrix":[0.918472826,0.395435691,-0.00618652441,-0.395477772,0.918434143,-0.0087223975,0.00223276764,0.0104579171,0.999942839],"shapeName":"/levels/west_coast_usa/art/shapes/objects/screenfence2.dae"}
{"name":"mudDragFence_Main_34","class":"TSStatic","__parent":"mudDragFence","position":[620.476868,-420.486359,154.404724],"isRenderEnabled":false,"rotationMatrix":[0.920745611,0.39006716,0.00866657589,-0.390028,0.920784116,-0.00589302881,-0.0102787232,0.00204577344,0.999945104],"shapeName":"/levels/west_coast_usa/art/shapes/objects/screenfence2.dae"}
{"name":"mudDragFence_Main_35","class":"TSStatic","__parent":"mudDragFence","position":[623.070129,-419.376648,154.404724],"isRenderEnabled":false,"rotationMatrix":[0.9159531,0.401240766,-0.00598024856,-0.40125066,0.91596812,-0.000510263839,0.00527297892,0.00286695641,0.999981999],"shapeName":"/levels/west_coast_usa/art/shapes/objects/screenfence2.dae"}
{"name":"mudDragFence_Main_36","class":"TSStatic","__parent":"mudDragFence","position":[625.663391,-418.266968,154.404724],"isRenderEnabled":false,"rotationMatrix":[0.9197492,0.39248684,-0.00394149357,-0.392490953,0.919755816,-0.00030435645,0.00350575568,0.00182693219,0.999992192],"shapeName":"/levels/west_coast_usa/art/shapes/objects/screenfence2.dae"}
{"name":"mudDragFence_Main_37","class":"TSStatic","__parent":"mudDragFence","position":[628.256653,-417.157288,154.404724],"isRenderEnabled":false,"rotationMatrix":[0.915958047,0.401263177,-0.00295597082,-0.401229978,0.915941715,0.00807904731,0.00594932167,-0.00621404406,0.999962986],"shapeName":"/levels/west_coast_usa/art/shapes/objects/screenfence2.dae"}
{"name":"mudDragFence_Main_38","class":"TSStatic","__parent":"mudDragFence","position":[630.849915,-416.047607,154.404724],"isRenderEnabled":false,"rotationMatrix":[0.920772612,0.390051425,-0.00613463996,-0.390017927,0.920787752,0.00599191245,0.00798585545,-0.00312456954,0.999963224],"shapeName":"/levels/west_coast_usa/art/shapes/objects/screenfence2.dae"}
{"name":"mudDragFence_Main_39","class":"TSStatic","__parent":"mudDragFence","position":[633.443115,-414.937927,154.404724],"isRenderEnabled":false,"rotationMatrix":[0.921911538,0.387385726,-0.00338060502,-0.387399793,0.921858847,-0.0098844301,-0.000712646288,0.0104222167,0.999945462],"shapeName":"/levels/west_coast_usa/art/shapes/objects/screenfence2.dae"}
{"name":"mudDragFence_Main_40","class":"TSStatic","__parent":"mudDragFence","position":[636.036377,-413.828247,154.404724],"isRenderEnabled":false,"rotationMatrix":[0.91825825,0.395973265,0.0026420767,-0.395933032,0.918229103,-0.00961012021,-0.00623138249,0.00777848624,0.999950349],"shapeName":"/levels/west_coast_usa/art/shapes/objects/screenfence2.dae"}
{"name":"mudDragFence_Main_41","class":"TSStatic","__parent":"mudDragFence","position":[638.629639,-412.718567,154.404724],"isRenderEnabled":false,"rotationMatrix":[0.921844482,0.387457997,-0.00888935849,-0.387530953,0.921813607,-0.00891623832,0.00473966403,0.0116642863,0.999920726],"shapeName":"/levels/west_coast_usa/art/shapes/objects/screenfence2.dae"}
{"name":"mudDragFence_Main_42","class":"TSStatic","__parent":"mudDragFence","position":[641.2229,-411.608856,154.404724],"isRenderEnabled":false,"rotationMatrix":[0.92057687,0.3905451,-0.00357702281,-0.390561193,0.920548439,-0.00725063309,0.000461123534,0.00807181094,0.999967337],"shapeName":"/levels/west_coast_usa/art/shapes/objects/screenfence2.dae"}
{"name":"mudDragFence_Main_43","class":"TSStatic","__parent":"mudDragFence","position":[643.816162,-410.499176,154.404724],"isRenderEnabled":false,"rotationMatrix":[0.918604612,0.395102501,-0.00771702081,-0.395120144,0.91862905,-0.000845768023,0.0067549143,0.00382607663,0.99996984],"shapeName":"/levels/west_coast_usa/art/shapes/objects/screenfence2.dae"}
{"name":"mudDragFence_Main_44","class":"TSStatic","__parent":"mudDragFence","position":[646.409363,-409.389496,154.404724],"isRenderEnabled":false,"rotationMatrix":[0.91552633,0.402246624,0.00302786985,-0.402257234,0.915483415,0.00890357606,0.000809468911,-0.00936944038,0.999955773],"shapeName":"/levels/west_coast_usa/art/shapes/objects/screenfence2.dae"}
{"name":"mudDragFence_Main_45","class":"TSStatic","__parent":"mudDragFence","position":[649.002625,-408.279816,154.404724],"isRenderEnabled":false,"rotationMatrix":[0.920620918,0.390455097,-0.00138930988,-0.390432388,0.920596182,0.00807782635,0.00443302188,-0.00689418381,0.999966383],"shapeName":"/levels/west_coast_usa/art/shapes/objects/screenfence2.dae"}
{"name":"mudDragFence_Main_46","class":"TSStatic","__parent":"mudDragFence","position":[651.595886,-407.170135,154.404724],"isRenderEnabled":false,"rotationMatrix":[0.91807133,0.396303028,-0.00942859612,-0.39636454,0.918074489,-0.00585774425,0.00633471226,0.00911498908,0.999938369],"shapeName":"/levels/west_coast_usa/art/shapes/objects/screenfence2.dae"}
{"name":"mudDragFence_Main_47","class":"TSStatic","__parent":"mudDragFence","position":[654.189148,-406.060455,154.404724],"isRenderEnabled":false,"rotationMatrix":[0.918518484,0.395356387,0.00414292887,-0.39537546,0.918500185,0.00597620057,-0.00144255185,-0.00712726312,0.999973536],"shapeName":"/levels/west_coast_usa/art/shapes/objects/screenfence2.dae"}
{"name":"mudDragFence_Main_48","class":"TSStatic","__parent":"mudDragFence","position":[656.78241,-404.950775,154.404724],"isRenderEnabled":false,"rotationMatrix":[0.9219203,0.387377739,-0.00121807482,-0.387378812,0.921907246,-0.00497477641,-0.000804165495,0.00505820336,0.999986887],"shapeName":"/levels/west_coast_usa/art/shapes/objects/screenfence2.dae"}
{"name":"mudDragFence_Main_49","class":"TSStatic","__parent":"mudDragFence","position":[659.37561,-403.841064,154.404724],"isRenderEnabled":false,"rotationMatrix":[0.917756379,0.397030056,0.00950423256,-0.397043347,0.917799711,-0.000524933799,-0.00893139653,-0.00329183089,0.9999547],"shapeName":"/levels/west_coast_usa/art/shapes/objects/screenfence2.dae"}
{"name":"mudDragFence_Main_50","class":"TSStatic","__parent":"mudDragFence","position":[661.968872,-402.731384,154.404724],"isRenderEnabled":false,"rotationMatrix":[0.915954292,0.401239425,0.00588183943,-0.401264876,0.915953159,0.00404041866,-0.00376631413,-0.00606101425,0.999974549],"shapeName":"/levels/west_coast_usa/art/shapes/objects/screenfence2.dae"}
{"name":"mudDragFence_Main_51","class":"TSStatic","__parent":"mudDragFence","position":[664.562134,-401.621704,154.404724],"isRenderEnabled":false,"rotationMatrix":[0.921580851,0.388136625,-0.0062187016,-0.388180375,0.921537638,-0.0091821691,0.00216683163,0.0108760903,0.999938488],"shapeName":"/levels/west_coast_usa/art/shapes/objects/screenfence2.dae"}
{"name":"mudDragFence_Main_52","class":"TSStatic","__parent":"mudDragFence","position":[667.155396,-400.512024,154.404724],"isRenderEnabled":false,"rotationMatrix":[0.91756314,0.397564888,0.00447296631,-0.397587717,0.917538166,0.00690492708,-0.00135896076,-0.00811410323,0.999966145],"shapeName":"/levels/west_coast_usa/art/shapes/objects/screenfence2.dae"}
{"name":"mudDragFence_Main_53","class":"TSStatic","__parent":"mudDragFence","position":[669.748657,-399.402344,154.404724],"isRenderEnabled":false,"rotationMatrix":[0.920492709,0.390716165,-0.00583451102,-0.390718132,0.920509994,0.000846856157,0.0057016057,0.00150012446,0.999982595],"shapeName":"/levels/west_coast_usa/art/shapes/objects/screenfence2.dae"}
{"name":"mudDragFence_Main_54","class":"TSStatic","__parent":"mudDragFence","position":[672.341858,-398.292664,154.404724],"isRenderEnabled":false,"rotationMatrix":[0.921988428,0.387161911,-0.00655501615,-0.387138844,0.922010303,0.00453053368,0.00779784191,-0.00163939828,0.999968231],"shapeName":"/levels/west_coast_usa/art/shapes/objects/screenfence2.dae"}
{"name":"mudDragFence_Main_55","class":"TSStatic","__parent":"mudDragFence","position":[674.93512,-397.182983,154.404724],"isRenderEnabled":false,"rotationMatrix":[0.921570361,0.388133109,-0.00779301021,-0.388126433,0.921602964,0.00241641677,0.00811995286,0.000797774934,0.999966741],"shapeName":"/levels/west_coast_usa/art/shapes/objects/screenfence2.dae"}
{"name":"mudDragFence_Main_56","class":"TSStatic","__parent":"mudDragFence","position":[677.528381,-396.073273,154.404724],"isRenderEnabled":false,"rotationMatrix":[0.915520489,0.402228743,-0.00584991137,-0.402241379,0.915532947,-0.00111731607,0.00490636984,0.00337600196,0.999982238],"shapeName":"/levels/west_coast_usa/art/shapes/objects/screenfence2.dae"}
{"name":"mudDragFence_Main_57","class":"TSStatic","__parent":"mudDragFence","position":[680.121643,-394.963593,154.404724],"isRenderEnabled":false,"rotationMatrix":[0.917737603,0.39711529,-0.00756358076,-0.397133887,0.917760074,-0.00107908458,0.0065130312,0.00399407092,0.999970794],"shapeName":"/levels/west_coast_usa/art/shapes/objects/screenfence2.dae"}
{"name":"mudDragFence_Main_58","class":"TSStatic","__parent":"mudDragFence","position":[682.714905,-393.853912,154.404724],"isRenderEnabled":false,"rotationMatrix":[0.918007195,0.396558106,-0.00210466469,-0.396559536,0.918008924,-0.000303911045,0.0018115826,0.00111361744,0.999997735],"shapeName":"/levels/west_coast_usa/art/shapes/objects/screenfence2.dae"}
{"name":"mudDragFence_Main_59","class":"TSStatic","__parent":"mudDragFence","position":[685.308105,-392.744232,154.404724],"isRenderEnabled":false,"rotationMatrix":[0.922365665,0.386245281,-0.00749342097,-0.3862423,0.922395408,0.00189876556,0.00764528615,0.00114291976,0.999970138],"shapeName":"/levels/west_coast_usa/art/shapes/objects/screenfence2.dae"}
{"name":"mudDragFence_Main_60","class":"TSStatic","__parent":"mudDragFence","position":[687.901367,-391.634552,154.404724],"isRenderEnabled":false,"rotationMatrix":[0.915837348,0.401517987,0.00502635911,-0.401548862,0.915785849,0.00973774027,-0.000693190377,-0.0109365145,0.999939978],"shapeName":"/levels/west_coast_usa/art/shapes/objects/screenfence2.dae"}
{"name":"mudDragFence_Main_61","class":"TSStatic","__parent":"mudDragFence","position":[690.494629,-390.524872,154.404724],"isRenderEnabled":false,"rotationMatrix":[0.922808409,0.385259241,-0.000118362252,-0.385258287,0.92280674,0.00194141257,0.000857172534,-0.00174595171,0.999998093],"shapeName":"/levels/west_coast_usa/art/shapes/objects/screenfence2.dae"}
{"name":"mudDragFence_Main_62","class":"TSStatic","__parent":"mudDragFence","position":[693.087891,-389.415192,154.404724],"isRenderEnabled":false,"rotationMatrix":[0.916473269,0.400002629,-0.00864135195,-0.399988502,0.91651392,0.00338182412,0.00927265827,0.000357090379,0.999956965],"shapeName":"/levels/west_coast_usa/art/shapes/objects/screenfence2.dae"}
{"name":"mudDragFence_Main_63","class":"TSStatic","__parent":"mudDragFence","position":[695.681152,-388.305481,154.404724],"isRenderEnabled":false,"rotationMatrix":[0.917732239,0.397098541,0.00896092411,-0.397105634,0.917772293,-0.00105110579,-0.00864148047,-0.00259379949,0.99995929],"shapeName":"/levels/west_coast_usa/art/shapes/objects/screenfence2.dae"}
{"name":"mudDragFence_Main_64","class":"TSStatic","__parent":"mudDragFence","position":[698.274353,-387.195801,154.404724],"isRenderEnabled":false,"rotationMatrix":[0.922540009,0.385849297,-0.00634108856,-0.385872722,0.922547281,-0.00296756532,0.00470492058,0.00518455077,0.999975502],"shapeName":"/levels/west_coast_usa/art/shapes/objects/screenfence2.dae"}
{"name":"mudDragFence_Main_65","class":"TSStatic","__parent":"mudDragFence","position":[700.867615,-386.086121,154.404724],"isRenderEnabled":false,"rotationMatrix":[0.922761023,0.385371178,-0.0010646811,-0.38537243,0.922759891,-0.00151661772,0.000397984259,0.00180977455,0.999998271],"shapeName":"/levels/west_coast_usa/art/shapes/objects/screenfence2.dae"}
