{"class":"TSStatic","persistentId":"b9cba1a9-e2c3-492e-9d96-2d55a14477e3","__parent":"beach_testRocks","position":[285.441437,1695.2052,83.9292145],"isRenderEnabled":false,"rotationMatrix":[-0.134839654,0.9900406,0.0404671133,0.822998703,0.134646058,-0.551854491,-0.551807165,-0.0411075354,-0.832957745],"scale":[1.62871087,1.62871087,1.62871087],"shapeName":"/levels/west_coast_usa/art/shapes/rocks/eca_rock_big_narrow.dae","useInstanceRenderData":true}
{"class":"TSStatic","persistentId":"7293ed84-ffb7-4502-955f-3ac04ec769e1","__parent":"beach_testRocks","position":[285.451599,1707.09094,83.1488876],"isRenderEnabled":false,"rotationMatrix":[0.813456714,-0.0781393945,-0.576352775,0.0379179791,0.995950997,-0.081509769,0.580388248,0.0444505475,0.813125908],"scale":[2.40107393,2.40107393,2.40107393],"shapeName":"/levels/west_coast_usa/art/shapes/rocks/eca_rock_big_narrow.dae","useInstanceRenderData":true}
{"class":"TSStatic","persistentId":"c812c9e1-af04-4e31-a072-2e4eaa58b50a","__parent":"beach_testRocks","position":[-1099.72412,1996.23584,76.6528931],"isRenderEnabled":false,"rotationMatrix":[0.0667237043,-0.736811876,0.672797441,0.987401366,0.145725369,0.0616665184,-0.143480361,0.660206437,0.737252235],"shapeName":"/levels/west_coast_usa/art/shapes/rocksJV/s_rocks_desert_low_small_lowc.dae","useInstanceRenderData":true}
{"class":"TSStatic","persistentId":"62c9ac58-3dc7-4c6e-a9e1-fbf357a4341e","__parent":"beach_testRocks","position":[-1110.99011,1994.92078,76.7176895],"isRenderEnabled":false,"rotationMatrix":[-0.100566506,-0.818752527,0.565270424,0.994391322,-0.0640149117,0.0841899812,-0.0327450037,0.570566654,0.820598185],"shapeName":"/levels/west_coast_usa/art/shapes/rocksJV/s_rocks_desert_low_small_lowc.dae","useInstanceRenderData":true}
{"class":"TSStatic","persistentId":"ee877c30-c95e-489e-a3db-4609be5a0453","__parent":"beach_testRocks","position":[-1089.34827,1999.35547,76.7732697],"isRenderEnabled":false,"rotationMatrix":[0.182678998,-0.791229606,0.583595634,0.967359304,0.25068295,0.0370660424,-0.175625175,0.557775497,0.811197996],"shapeName":"/levels/west_coast_usa/art/shapes/rocksJV/s_rocks_desert_low_small_lowc.dae","useInstanceRenderData":true}
{"class":"TSStatic","persistentId":"9018be96-3b91-4acb-8d78-2e24903e331e","__parent":"beach_testRocks","position":[-1123.53162,1998.41052,75.945343],"isRenderEnabled":false,"rotationMatrix":[-0.380119801,-0.698641121,0.606143534,0.898771465,-0.433770657,0.0636661649,0.218447328,0.568985164,0.792803049],"shapeName":"/levels/west_coast_usa/art/shapes/rocksJV/s_rocks_desert_low_small_lowc.dae","useInstanceRenderData":true}
{"class":"TSStatic","persistentId":"75dcb76f-f33f-45c2-9adb-105536476ff7","__parent":"beach_testRocks","position":[-372.077301,1902.51538,96.6250381],"isRenderEnabled":false,"rotationMatrix":[0.141780674,-0.9612782,-0.236309737,0.983544469,0.109794259,0.143476009,-0.111974955,-0.252763271,0.961026728],"scale":[1.57543945,1.57543945,1.57543945],"shapeName":"/levels/west_coast_usa/art/shapes/rocks/eca_rock_big_narrow.dae","useInstanceRenderData":true}
{"class":"TSStatic","persistentId":"2b3688d5-db6b-4217-a7ed-d5e2aad92ae8","__parent":"beach_testRocks","position":[-371.451721,1898.72632,95.2361221],"isRenderEnabled":false,"rotationMatrix":[-0.147715449,0.852877676,0.500779331,0.985974848,0.166754365,0.00683432817,-0.0776783079,0.494765341,-0.865548134],"scale":[1.57543945,1.57543945,1.57543945],"shapeName":"/levels/west_coast_usa/art/shapes/rocks/eca_rock_big_narrow.dae","useInstanceRenderData":true}
{"class":"TSStatic","persistentId":"67f1dea4-48fe-4531-987a-0332a5cf9ce8","__parent":"beach_testRocks","position":[73.304039,968.562561,71.2128296],"isRenderEnabled":false,"rotationMatrix":[0.768646121,-0.58182627,0.265821934,0.61210078,0.789691269,-0.0414779335,-0.185784325,0.194591641,0.963129401],"scale":[1.78564453,1.78564453,1.78564453],"shapeName":"/levels/west_coast_usa/art/shapes/rocks/eca_rock_big_narrow.dae","useInstanceRenderData":true}
{"class":"TSStatic","persistentId":"edb919a4-2615-4a3b-944e-60ce65d2e32a","__parent":"beach_testRocks","position":[70.4352188,962.205811,71.7578125],"isRenderEnabled":false,"rotationMatrix":[-0.708691239,0.116582915,-0.695819855,0.17209588,0.985026956,-0.0102404691,0.684207439,-0.127005056,-0.718143463],"scale":[1.78564453,1.78564453,1.78564453],"shapeName":"/levels/west_coast_usa/art/shapes/rocks/eca_rock_big_narrow.dae","useInstanceRenderData":true}
{"class":"TSStatic","persistentId":"7279b970-1980-433c-8958-b57d4abf18dc","__parent":"beach_testRocks","position":[70.7493134,953.630554,71.9738388],"isRenderEnabled":false,"rotationMatrix":[-0.575080514,-0.207496062,-0.791345894,0.163121477,-0.97696054,0.137623101,-0.801669657,-0.0499411486,0.595677614],"scale":[1.78564453,1.78564453,1.78564453],"shapeName":"/levels/west_coast_usa/art/shapes/rocks/eca_rock_big_narrow.dae","useInstanceRenderData":true}
{"class":"TSStatic","persistentId":"96a4416d-211a-4fe4-a998-6ffd1cbc7bf3","__parent":"beach_testRocks","position":[-1071.7948,2004.47717,78.2147675],"isRenderEnabled":false,"rotationMatrix":[0.20441103,-0.858374417,0.470541596,0.96339947,0.26157409,0.0586538017,-0.173428401,0.441330105,0.880426228],"shapeName":"/levels/west_coast_usa/art/shapes/rocksJV/s_rocks_desert_low_small_lowc.dae","useInstanceRenderData":true}
{"class":"TSStatic","persistentId":"6804bdc8-08ba-44d2-9433-393910f7a338","__parent":"beach_testRocks","position":[-1080.32874,1999.39563,78.3168488],"isRenderEnabled":false,"rotationMatrix":[0.316342652,-0.912940145,0.257813394,0.937658787,0.342151463,0.0610609204,-0.143956214,0.22242479,0.96426338],"shapeName":"/levels/west_coast_usa/art/shapes/rocksJV/s_rocks_desert_low_small_lowc.dae","useInstanceRenderData":true}
