{"name":"Drag Fuel Wall_Main_1","class":"TSStatic","__parent":"Drag Fuel Wall","position":[-261.690887,-315.561584,118.839798],"isRenderEnabled":false,"rotationMatrix":[-0.860164165,-0.499741852,0.101861298,0.501662433,-0.865029693,-0.00765238702,0.0919372588,0.0445176773,0.994769156],"shapeName":"art/shapes/objects/jerseybarrier_3m.dae"}
{"name":"Drag Fuel Wall_Main_2","class":"TSStatic","__parent":"Drag Fuel Wall","position":[-263.208008,-312.969879,118.838722],"isRenderEnabled":false,"rotationMatrix":[-0.859069705,-0.504540086,0.0862462223,0.506788731,-0.862056136,0.00492710061,0.0718631744,0.047941342,0.996261656],"shapeName":"art/shapes/objects/jerseybarrier_3m.dae"}
{"name":"Drag Fuel Wall_Main_3","class":"TSStatic","__parent":"Drag Fuel Wall","position":[-264.725128,-310.378204,118.837654],"isRenderEnabled":false,"rotationMatrix":[-0.857053161,-0.511987209,0.0576962419,0.512435913,-0.858689547,-0.00785538275,0.0535650142,0.0228331462,0.998303294],"shapeName":"art/shapes/objects/jerseybarrier_3m.dae"}
{"name":"Drag Fuel Wall_Main_4","class":"TSStatic","__parent":"Drag Fuel Wall","position":[-266.242218,-307.786499,118.836586],"isRenderEnabled":false,"rotationMatrix":[-0.859437943,-0.51059109,0.0257525295,0.510850966,-0.859658599,0.00429614773,0.0199448094,0.0168479756,0.999659121],"shapeName":"art/shapes/objects/jerseybarrier_3m.dae"}
{"name":"Drag Fuel Wall_StartCap","class":"TSStatic","__parent":"Drag Fuel Wall","position":[-260.173767,-318.15329,118.840866],"isRenderEnabled":false,"rotationMatrix":[-0.857200503,-0.499642879,0.124756604,0.504063666,-0.863654494,0.00452715158,0.10548465,0.0667659566,0.992177069],"shapeName":"art/shapes/objects/jerseybarrier_end.dae"}
{"name":"Drag Fuel Wall_EndCap","class":"TSStatic","__parent":"Drag Fuel Wall","position":[-267.759338,-305.194794,118.835518],"isRenderEnabled":false,"rotationMatrix":[0.861532688,0.507698953,-0.00177933928,-0.507689178,0.861530483,0.00411004387,0.00361962011,-0.00263758609,0.999989986],"shapeName":"art/shapes/objects/jerseybarrier_end.dae"}
