{"name":"mudDrag2","class":"DecalRoad","persistentId":"92a60e8d-9f56-4779-92f0-070d49e23357","__parent":"Mud_Drag_2","position":[541.369446,-476.210144,152.386368],"improvedSpline":true,"material":"road_invisible","nodes":[[541.369446,-476.210144,152.386368,12],[566.447876,-466.873688,152.386368,12],[616.737244,-445.668213,152.386368,12],[679.209717,-418.12442,152.386368,12]]}
{"name":"fre_start_mudDrag2","class":"BeamNGTrigger","__parent":"Mud_Drag_2","position":[541.129761,-476.44043,153.733292],"luaFunction":"onBeamNGTrigger","rotationMatrix":[0.399422109,-0.91676712,-3.16649675e-08,0.915742517,0.39897567,-0.0472647026,0.0433307365,0.0188785344,0.998882413],"scale":[14.1558199,1,4.90749168],"triggerMode":"Overlaps"}
{"name":"fre_staging_mudDrag2","class":"BeamNGTrigger","__parent":"Mud_Drag_2","position":[540.36438,-476.728149,153.733292],"luaFunction":"onBeamNGTrigger","rotationMatrix":[0.399422109,-0.91676712,-3.16649675e-08,0.915742517,0.39897567,-0.0472647026,0.0433307365,0.0188785344,0.998882413],"scale":[14.1558199,1,4.90749168],"triggerMode":"Overlaps"}
{"class":"DecalRoad","persistentId":"a4a5fc3a-589e-4655-b9f8-0a0fa9faac9d","__parent":"Mud_Drag_2","position":[543.52063,-482.172028,152.386368],"improvedSpline":true,"material":"spraypaint_mark","nodes":[[543.52063,-482.172028,152.386368,0.5],[538.612427,-470.812408,152.386368,0.5]],"startEndFade":[3,3]}
{"name":"fre_start_mudDrag2asset0","class":"DecalRoad","persistentId":"b3fb9006-29c4-477f-90db-388991dcb14c","__parent":"Mud_Drag_2","position":[676.212585,-426.483124,152.386368],"hidden":true,"improvedSpline":true,"material":"spraypaint_mark","nodes":[[676.212585,-426.483124,152.386368,0.5],[671.408997,-414.586548,152.386368,0.5]],"startEndFade":[3,3]}
{"name":"fre_finish_mudDrag2","class":"BeamNGTrigger","__parent":"Mud_Drag_2","position":[673.92041,-420.134094,154.736267],"luaFunction":"onBeamNGTrigger","rotationMatrix":[-0.397540331,0.917535424,0.00949354842,-0.916199803,-0.397487283,0.0508073494,0.0503911152,0.0114999879,0.998663366],"scale":[14.2198849,1.70973086,5.43977737],"triggerMode":"Overlaps"}
{"class":"TSStatic","__parent":"Mud_Drag_2","position":[538.442078,-470.034058,154.486679],"isRenderEnabled":false,"rotationMatrix":[0.382544041,-0.923937321,0,0.923937321,0.382544041,0,0,0,1],"shapeName":"/levels/west_coast_usa/art/shapes/objects/featherflag_beamng.dae","useInstanceRenderData":true}
{"class":"TSStatic","__parent":"Mud_Drag_2","position":[543.547852,-482.627319,154.388351],"isRenderEnabled":false,"rotationMatrix":[-0.378435254,0.925627768,0,-0.925627768,-0.378435254,0,0,0,1],"shapeName":"/levels/west_coast_usa/art/shapes/objects/featherflag_beamng.dae","useInstanceRenderData":true}
