{"name":"fre_start_rally1","class":"BeamNGTrigger","__parent":"rally_stage_1","position":[861.780762,-481.878235,165.606781],"luaFunction":"onBeamNGTrigger","rotationMatrix":[0.239160836,0.970979929,-4.09781933e-08,-0.969894767,0.238893569,-0.0472647026,-0.0458930694,0.0113039054,0.998882413],"scale":[6.24291945,1,5.59612465],"triggerMode":"Overlaps"}
{"class":"TSStatic","__parent":"rally_stage_1","position":[863.833496,-476.5383,164.431671],"isRenderEnabled":false,"rotationMatrix":[-0.232828021,-0.972517967,0,0.972517967,-0.232828021,0,0,0,1],"shapeName":"/levels/west_coast_usa/art/shapes/objects/featherflag_beamng.dae","useInstanceRenderData":true}
{"name":"fre_start_rally1asset0","class":"DecalRoad","persistentId":"4c024610-744e-43a6-936a-61432e77d078","__parent":"rally_stage_1","position":[657.793579,-624.933716,227.93396],"hidden":true,"improvedSpline":true,"material":"checkered_line","nodes":[[657.793579,-624.933716,227.93396,0.5],[661.302673,-621.125,227.93396,0.5]]}
{"name":"fre_finish_rally1","class":"BeamNGTrigger","__parent":"rally_stage_1","position":[659.487427,-624.178589,229.630035],"luaFunction":"onBeamNGTrigger","rotationMatrix":[0.654559612,0.754262507,-0.0513802208,-0.755437672,0.655196548,-0.00562041998,0.0294248722,0.0424934477,0.998663366],"scale":[8.94305515,1.70973086,5.43977737],"triggerMode":"Overlaps"}
{"class":"DecalRoad","persistentId":"e22b8838-d164-4167-ba66-4c46a771680e","__parent":"rally_stage_1","position":[862.75,-479.783386,163.833313],"improvedSpline":true,"material":"checkered_line","nodes":[[862.75,-479.783386,163.833313,0.5],[861.564453,-484.063171,163.91539,0.5]]}
{"name":"rally1","class":"DecalRoad","persistentId":"3e69c56e-a320-44af-944a-d890d9998aa0","__parent":"rally_stage_1","position":[861.907471,-481.889557,163.881973],"improvedSpline":true,"material":"road_invisible","nodes":[[861.907471,-481.889557,163.881973,6],[851.122375,-478.109741,164.678024,6],[847.512451,-475.171936,164.882584,6],[841.086365,-466.730713,164.930862,6],[838.395813,-464.249695,164.860382,6],[833.579224,-463.94928,164.676178,6],[823.803101,-464.431946,165.214233,6],[804.386414,-469.587555,167.474258,6],[795.903748,-472.239349,168.617157,6],[793.008911,-473.885681,169.103577,6],[790.671692,-476.836945,169.519318,6],[784.591858,-482.404114,170.354233,6],[776.568848,-489.049347,171.144806,6],[771.010254,-491.836609,171.700851,6],[765.344238,-492.103546,171.989609,6],[758.946472,-488.834412,171.209274,6],[747.763306,-480.921204,168.050369,6],[741.845093,-479.222778,167.822754,6],[735.413818,-480.973022,168.277786,6],[729.94043,-485.178375,169.832748,6],[726.165039,-492.306763,171.977386,6],[721.46344,-501.534271,173.339371,6],[715.457947,-506.032043,173.495743,6],[704.100647,-509.934235,175.860687,6],[696.831543,-512.164246,177.283508,6],[688.05365,-519.999146,179.824234,6],[676.988831,-529.543823,182.473557,6],[669.145203,-532.265991,183.535736,6],[661.426575,-533.364807,183.3703,6],[652.263184,-529.863953,180.872238,6],[647.190735,-527.995056,178.748596,6],[642.186218,-527.245422,177.178513,6],[631.165466,-530.918335,175.000854,6],[619.293335,-535.575745,174.177597,6],[616.559448,-540.370728,174.902466,6],[608.015137,-541.725769,174.04631,6],[596.839172,-547.129395,172.991577,6],[575.743042,-560.289734,174.507065,6],[562.029968,-571.558472,177.909286,6],[561.611572,-578.612122,180.563736,6],[565.455872,-588.028931,185.209229,6],[569.278809,-601.228577,190.291245,6],[568.88446,-606.946045,191.312057,6],[565.270142,-624.927307,193.081192,6],[559.600037,-655.147095,195.772385,6],[561.315002,-664.334167,196.644104,6],[568.504517,-667.845581,198.722733,6],[575.03833,-668.944214,200.345123,6],[579.485901,-663.31366,200.891312,6],[579.669556,-649.957947,201.594513,6],[578.667908,-639.182434,202.421356,6],[585.275757,-633.507141,202.802963,6],[594.182373,-637.056274,202.878067,6],[594.742188,-647.495361,203.730164,6],[592.465271,-663.058594,204.944366,6],[598.544617,-672.224426,205.822357,6],[608.695435,-677.790283,206.576294,6],[620.619995,-677.777039,207.743896,6],[635.103149,-674.164307,209.411179,6],[670.096558,-676.889771,213.857941,6],[698.624878,-677.821045,216.259079,6],[705.037354,-668.697998,216.569824,6],[701.492126,-661.514038,217.673508,6],[693.892761,-660.239014,219.052231,6],[677.606934,-662.832092,221.332794,6],[667.521118,-662.067749,222.221832,6],[644.987671,-644.291626,225.445755,6],[642.34314,-613.748413,227.93396,6],[648.660217,-607.842224,227.93396,6],[652.121948,-616.108032,227.93396,6],[658.130066,-623.346619,227.93396,6]]}
{"class":"TSStatic","__parent":"rally_stage_1","position":[860.634033,-487.604218,163.899734],"isRenderEnabled":false,"rotationMatrix":[0.319036365,0.947742581,0,-0.947742581,0.319036365,0,0,0,1],"shapeName":"/levels/west_coast_usa/art/shapes/objects/featherflag_beamng.dae","useInstanceRenderData":true}
{"name":"fre_staging_rally1","class":"BeamNGTrigger","__parent":"rally_stage_1","position":[862.569275,-482.092102,165.60141],"luaFunction":"onBeamNGTrigger","rotationMatrix":[0.239160836,0.970979929,-4.09781933e-08,-0.969894767,0.238893569,-0.0472647026,-0.0458930694,0.0113039054,0.998882413],"scale":[6.24291945,1,5.59612465],"triggerMode":"Overlaps"}
