{"class":"TSStatic","__parent":"Rockss","position":[690.039368,-441.151459,154.315857],"isRenderEnabled":false,"rotationMatrix":[0.922470212,0.386068225,5.96046448e-08,-0.138546169,0.331041932,-0.933389723,-0.360352099,0.861024201,0.358864605],"shapeName":"/levels/west_coast_usa/art/shapes/rocksJV/s_rocks_desert_huge_sheet_2.dae","useInstanceRenderData":true}
{"class":"TSStatic","__parent":"Rockss","position":[540.745117,-503.161011,153.182312],"isRenderEnabled":false,"rotationMatrix":[0.922470212,0.386068165,4.47034836e-08,-0.232510924,0.555561066,-0.798304737,-0.308200121,0.736412346,0.602253675],"shapeName":"/levels/west_coast_usa/art/shapes/rocksJV/s_rocks_desert_huge_sheet_2.dae","useInstanceRenderData":true}
{"class":"TSStatic","__parent":"Rockss","position":[620.391479,-470.300171,154.315857],"isRenderEnabled":false,"rotationMatrix":[0.922470212,0.386068225,5.96046448e-08,-0.138546169,0.331041932,-0.933389723,-0.360352099,0.861024201,0.358864605],"shapeName":"/levels/west_coast_usa/art/shapes/rocksJV/s_rocks_desert_huge_sheet_2.dae","useInstanceRenderData":true}
{"class":"TSStatic","__parent":"Rockss","position":[611.177185,-474.156555,154.315857],"isRenderEnabled":false,"rotationMatrix":[0.922470212,0.386068225,5.96046448e-08,-0.138546169,0.331041932,-0.933389723,-0.360352099,0.861024201,0.358864605],"shapeName":"/levels/west_coast_usa/art/shapes/rocksJV/s_rocks_desert_huge_sheet_2.dae","useInstanceRenderData":true}
{"class":"TSStatic","__parent":"Rockss","position":[656.148499,-455.335358,154.315857],"isRenderEnabled":false,"rotationMatrix":[0.922470212,0.386068225,5.96046448e-08,-0.138546169,0.331041932,-0.933389723,-0.360352099,0.861024201,0.358864605],"shapeName":"/levels/west_coast_usa/art/shapes/rocksJV/s_rocks_desert_huge_sheet_2.dae","useInstanceRenderData":true}
{"class":"TSStatic","__parent":"Rockss","position":[634.920715,-464.219482,154.315857],"isRenderEnabled":false,"rotationMatrix":[0.922470212,0.386068225,5.96046448e-08,-0.138546169,0.331041932,-0.933389723,-0.360352099,0.861024201,0.358864605],"shapeName":"/levels/west_coast_usa/art/shapes/rocksJV/s_rocks_desert_huge_sheet_2.dae","useInstanceRenderData":true}
{"class":"TSStatic","__parent":"Rockss","position":[642.07373,-460.731628,155.549698],"isRenderEnabled":false,"rotationMatrix":[0.922091246,0.386972606,-2.98023224e-08,-0.250763774,0.597528219,-0.761628151,-0.294729233,0.702290654,0.648014247],"scale":[1.1891892,1.1891892,1],"shapeName":"/levels/west_coast_usa/art/shapes/rocksJV/s_rocks_desert_huge_sheet_1.dae","useInstanceRenderData":true}
{"class":"TSStatic","__parent":"Rockss","position":[626.255737,-467.369965,155.549698],"isRenderEnabled":false,"rotationMatrix":[0.922091246,0.386972606,-2.98023224e-08,-0.250763774,0.597528219,-0.761628151,-0.294729233,0.702290654,0.648014247],"scale":[1.1891892,1.1891892,1],"shapeName":"/levels/west_coast_usa/art/shapes/rocksJV/s_rocks_desert_huge_sheet_1.dae","useInstanceRenderData":true}
{"class":"TSStatic","__parent":"Rockss","position":[576.670349,-488.598206,154.315857],"isRenderEnabled":false,"rotationMatrix":[0.922470212,0.386068225,5.96046448e-08,-0.138546169,0.331041932,-0.933389723,-0.360352099,0.861024201,0.358864605],"shapeName":"/levels/west_coast_usa/art/shapes/rocksJV/s_rocks_desert_huge_sheet_2.dae","useInstanceRenderData":true}
{"class":"TSStatic","__parent":"Rockss","position":[570.82489,-491.044617,154.315857],"isRenderEnabled":false,"rotationMatrix":[0.922470212,0.386068225,5.96046448e-08,-0.138546169,0.331041932,-0.933389723,-0.360352099,0.861024201,0.358864605],"shapeName":"/levels/west_coast_usa/art/shapes/rocksJV/s_rocks_desert_huge_sheet_2.dae","useInstanceRenderData":true}
{"class":"TSStatic","__parent":"Rockss","position":[555.326721,-497.205444,153.909592],"isRenderEnabled":false,"rotationMatrix":[0.922470272,0.386068106,5.96046448e-08,-0.229401231,0.548130989,-0.804318011,-0.310521603,0.741959393,0.594199061],"shapeName":"/levels/west_coast_usa/art/shapes/rocksJV/s_rocks_desert_huge_sheet_2.dae","useInstanceRenderData":true}
{"class":"TSStatic","__parent":"Rockss","position":[681.810059,-444.101318,155.549698],"isRenderEnabled":false,"rotationMatrix":[0.922091246,0.386972606,-2.98023224e-08,-0.250763774,0.597528219,-0.761628151,-0.294729233,0.702290654,0.648014247],"scale":[1.1891892,1.1891892,1],"shapeName":"/levels/west_coast_usa/art/shapes/rocksJV/s_rocks_desert_huge_sheet_1.dae","useInstanceRenderData":true}
{"class":"TSStatic","__parent":"Rockss","position":[660.127808,-453.669861,154.315857],"isRenderEnabled":false,"rotationMatrix":[0.922470212,0.386068225,5.96046448e-08,-0.138546169,0.331041932,-0.933389723,-0.360352099,0.861024201,0.358864605],"shapeName":"/levels/west_coast_usa/art/shapes/rocksJV/s_rocks_desert_huge_sheet_2.dae","useInstanceRenderData":true}
{"class":"TSStatic","__parent":"Rockss","position":[674.657043,-447.589172,154.315857],"isRenderEnabled":false,"rotationMatrix":[0.922470212,0.386068225,5.96046448e-08,-0.138546169,0.331041932,-0.933389723,-0.360352099,0.861024201,0.358864605],"shapeName":"/levels/west_coast_usa/art/shapes/rocksJV/s_rocks_desert_huge_sheet_2.dae","useInstanceRenderData":true}
{"class":"TSStatic","__parent":"Rockss","position":[595.794861,-480.594269,154.315857],"isRenderEnabled":false,"rotationMatrix":[0.922470212,0.386068225,5.96046448e-08,-0.138546169,0.331041932,-0.933389723,-0.360352099,0.861024201,0.358864605],"shapeName":"/levels/west_coast_usa/art/shapes/rocksJV/s_rocks_desert_huge_sheet_2.dae","useInstanceRenderData":true}
{"class":"TSStatic","__parent":"Rockss","position":[617.022644,-471.710144,154.315857],"isRenderEnabled":false,"rotationMatrix":[0.922470212,0.386068225,5.96046448e-08,-0.138546169,0.331041932,-0.933389723,-0.360352099,0.861024201,0.358864605],"shapeName":"/levels/west_coast_usa/art/shapes/rocksJV/s_rocks_desert_huge_sheet_2.dae","useInstanceRenderData":true}
{"class":"TSStatic","__parent":"Rockss","position":[665.992065,-450.739655,155.549698],"isRenderEnabled":false,"rotationMatrix":[0.922091246,0.386972606,-2.98023224e-08,-0.250763774,0.597528219,-0.761628151,-0.294729233,0.702290654,0.648014247],"scale":[1.1891892,1.1891892,1],"shapeName":"/levels/west_coast_usa/art/shapes/rocksJV/s_rocks_desert_huge_sheet_1.dae","useInstanceRenderData":true}
{"class":"TSStatic","__parent":"Rockss","position":[581.265625,-486.674957,154.315857],"isRenderEnabled":false,"rotationMatrix":[0.922470212,0.386068225,5.96046448e-08,-0.138546169,0.331041932,-0.933389723,-0.360352099,0.861024201,0.358864605],"shapeName":"/levels/west_coast_usa/art/shapes/rocksJV/s_rocks_desert_huge_sheet_2.dae","useInstanceRenderData":true}
{"class":"TSStatic","__parent":"Rockss","position":[602.947876,-477.106415,155.549698],"isRenderEnabled":false,"rotationMatrix":[0.922091246,0.386972606,-2.98023224e-08,-0.250763774,0.597528219,-0.761628151,-0.294729233,0.702290654,0.648014247],"scale":[1.1891892,1.1891892,1],"shapeName":"/levels/west_coast_usa/art/shapes/rocksJV/s_rocks_desert_huge_sheet_1.dae","useInstanceRenderData":true}
{"class":"TSStatic","__parent":"Rockss","position":[695.884827,-438.705048,154.315857],"isRenderEnabled":false,"rotationMatrix":[0.922470212,0.386068225,5.96046448e-08,-0.138546169,0.331041932,-0.933389723,-0.360352099,0.861024201,0.358864605],"shapeName":"/levels/west_coast_usa/art/shapes/rocksJV/s_rocks_desert_huge_sheet_2.dae","useInstanceRenderData":true}
{"class":"TSStatic","__parent":"Rockss","position":[546.560242,-500.114838,154.702698],"isRenderEnabled":false,"rotationMatrix":[0.922091246,0.386972576,-2.98023224e-08,-0.295047551,0.703049123,-0.647046268,-0.250389159,0.59663564,0.762450695],"scale":[1.1891892,1.1891892,1],"shapeName":"/levels/west_coast_usa/art/shapes/rocksJV/s_rocks_desert_huge_sheet_1.dae","useInstanceRenderData":true}
{"class":"TSStatic","__parent":"Rockss","position":[562.174622,-492.991241,154.562347],"isRenderEnabled":false,"rotationMatrix":[0.922091246,0.386972517,-4.47034836e-08,-0.286563188,0.68283242,-0.672027767,-0.260056317,0.619670928,0.740525901],"scale":[1.1891892,1.1891892,1],"shapeName":"/levels/west_coast_usa/art/shapes/rocksJV/s_rocks_desert_huge_sheet_1.dae","useInstanceRenderData":true}
{"class":"TSStatic","__parent":"Rockss","position":[650.30304,-457.781769,154.315857],"isRenderEnabled":false,"rotationMatrix":[0.922470212,0.386068225,5.96046448e-08,-0.138546169,0.331041932,-0.933389723,-0.360352099,0.861024201,0.358864605],"shapeName":"/levels/west_coast_usa/art/shapes/rocksJV/s_rocks_desert_huge_sheet_2.dae","useInstanceRenderData":true}
{"class":"TSStatic","__parent":"Rockss","position":[587.129883,-483.744751,155.549698],"isRenderEnabled":false,"rotationMatrix":[0.922091246,0.386972606,-2.98023224e-08,-0.250763774,0.597528219,-0.761628151,-0.294729233,0.702290654,0.648014247],"scale":[1.1891892,1.1891892,1],"shapeName":"/levels/west_coast_usa/art/shapes/rocksJV/s_rocks_desert_huge_sheet_1.dae","useInstanceRenderData":true}
{"class":"TSStatic","__parent":"Rockss","position":[837.230225,-354.558472,159.61615],"isRenderEnabled":false,"rotationMatrix":[0.881366968,0.471040428,0.0362379551,-0.34179157,0.688719392,-0.639409125,-0.326145381,0.551168263,0.768012166],"shapeName":"/levels/west_coast_usa/art/shapes/rocksJV/s_rocks_desert_huge_sheet_2.dae","useInstanceRenderData":true}
{"class":"TSStatic","__parent":"Rockss","position":[724.822144,-422.529114,155.461456],"isRenderEnabled":false,"rotationMatrix":[0.811812758,0.577783048,0.0844200402,-0.202465728,0.414134085,-0.88741225,-0.547693014,0.703320444,0.453180611],"shapeName":"/levels/west_coast_usa/art/shapes/rocksJV/s_rocks_desert_huge_sheet_2.dae","useInstanceRenderData":true}
{"class":"TSStatic","__parent":"Rockss","position":[772.877869,-392.55365,157.273239],"isRenderEnabled":false,"rotationMatrix":[0.832108498,0.554010272,0.0258460939,-0.235937074,0.39577651,-0.887521565,-0.501925349,0.732416213,0.460040569],"shapeName":"/levels/west_coast_usa/art/shapes/rocksJV/s_rocks_desert_huge_sheet_2.dae","useInstanceRenderData":true}
{"class":"TSStatic","__parent":"Rockss","position":[739.55127,-412.873352,156.672379],"isRenderEnabled":false,"rotationMatrix":[0.896192253,0.436021417,0.0820041448,-0.225600392,0.607008338,-0.76200068,-0.382025957,0.664398909,0.642362833],"scale":[1.1891892,1.1891892,1],"shapeName":"/levels/west_coast_usa/art/shapes/rocksJV/s_rocks_desert_huge_sheet_1.dae","useInstanceRenderData":true}
{"class":"TSStatic","__parent":"Rockss","position":[735.154663,-416.250519,155.545593],"isRenderEnabled":false,"rotationMatrix":[-0.847921371,-0.529953837,-0.013317734,0.177335948,-0.307231426,0.934965312,-0.499580175,0.790415823,0.354488552],"shapeName":"/levels/west_coast_usa/art/shapes/rocksJV/s_rocks_desert_huge_sheet_2.dae","useInstanceRenderData":true}
{"class":"TSStatic","__parent":"Rockss","position":[768.134399,-395.711823,157.125916],"isRenderEnabled":false,"rotationMatrix":[0.832108438,0.554010391,0.0258459747,-0.234362125,0.393477798,-0.888959765,-0.502662778,0.733653545,0.457255244],"shapeName":"/levels/west_coast_usa/art/shapes/rocksJV/s_rocks_desert_huge_sheet_2.dae","useInstanceRenderData":true}
{"class":"TSStatic","__parent":"Rockss","position":[794.76239,-378.964752,157.514801],"isRenderEnabled":false,"rotationMatrix":[0.841670036,0.536043286,0.0651847124,-0.195732281,0.415356278,-0.888351202,-0.503269672,0.734939814,0.454513967],"shapeName":"/levels/west_coast_usa/art/shapes/rocksJV/s_rocks_desert_huge_sheet_2.dae","useInstanceRenderData":true}
{"class":"TSStatic","__parent":"Rockss","position":[833.801208,-356.391083,159.475159],"isRenderEnabled":false,"rotationMatrix":[-0.899964094,-0.429667145,-0.0738272667,0.289298385,-0.715261817,0.636165619,-0.326145321,0.551168203,0.768012226],"shapeName":"/levels/west_coast_usa/art/shapes/rocksJV/s_rocks_desert_huge_sheet_2.dae","useInstanceRenderData":true}
{"class":"TSStatic","__parent":"Rockss","position":[757.068787,-403.146667,156.940323],"isRenderEnabled":false,"rotationMatrix":[-0.834488988,-0.550559878,-0.0226199478,0.201813906,-0.343574047,0.917184711,-0.512736797,0.76081562,0.397819579],"shapeName":"/levels/west_coast_usa/art/shapes/rocksJV/s_rocks_desert_huge_sheet_2.dae","useInstanceRenderData":true}
{"class":"TSStatic","__parent":"Rockss","position":[800.384033,-375.077484,157.453842],"isRenderEnabled":false,"rotationMatrix":[-0.831885338,-0.554398656,-0.0246705264,0.233850405,-0.390519142,0.890398026,-0.503269792,0.734939933,0.454513669],"shapeName":"/levels/west_coast_usa/art/shapes/rocksJV/s_rocks_desert_huge_sheet_2.dae","useInstanceRenderData":true}
{"class":"TSStatic","__parent":"Rockss","position":[811.680969,-368.189636,158.825104],"isRenderEnabled":false,"rotationMatrix":[0.841670036,0.536043286,0.0651846826,-0.25196588,0.496627331,-0.830586731,-0.477602988,0.682655632,0.553061008],"shapeName":"/levels/west_coast_usa/art/shapes/rocksJV/s_rocks_desert_huge_sheet_2.dae","useInstanceRenderData":true}
{"class":"TSStatic","__parent":"Rockss","position":[804.733643,-371.679749,158.695236],"isRenderEnabled":false,"rotationMatrix":[0.886300325,0.455912769,0.0813340694,-0.281782031,0.670266211,-0.686543465,-0.367519498,0.585565209,0.722525239],"scale":[1.1891892,1.1891892,1],"shapeName":"/levels/west_coast_usa/art/shapes/rocksJV/s_rocks_desert_huge_sheet_1.dae","useInstanceRenderData":true}
{"class":"TSStatic","__parent":"Rockss","position":[816.208313,-366.06842,158.455688],"isRenderEnabled":false,"rotationMatrix":[0.881366909,0.471040457,0.0362379551,-0.249709815,0.52959919,-0.810660005,-0.401045293,0.705439925,0.584394693],"shapeName":"/levels/west_coast_usa/art/shapes/rocksJV/s_rocks_desert_huge_sheet_2.dae","useInstanceRenderData":true}
{"class":"TSStatic","__parent":"Rockss","position":[789.850769,-381.736115,157.292908],"isRenderEnabled":false,"rotationMatrix":[0.841670036,0.536043406,0.0651846677,-0.215133786,0.443590939,-0.870025516,-0.495286822,0.71825099,0.488678277],"shapeName":"/levels/west_coast_usa/art/shapes/rocksJV/s_rocks_desert_huge_sheet_2.dae","useInstanceRenderData":true}
{"class":"TSStatic","__parent":"Rockss","position":[751.095764,-406.420044,156.491074],"isRenderEnabled":false,"rotationMatrix":[0.841669977,0.536043406,0.0651847422,-0.190255731,0.407350957,-0.893234491,-0.50536561,0.739406943,0.444840431],"shapeName":"/levels/west_coast_usa/art/shapes/rocksJV/s_rocks_desert_huge_sheet_2.dae","useInstanceRenderData":true}
{"class":"TSStatic","__parent":"Rockss","position":[782.711304,-385.015167,157.876846],"isRenderEnabled":false,"rotationMatrix":[0.877326608,0.477029175,0.0523554534,-0.270697623,0.5820117,-0.766801834,-0.396258414,0.658563137,0.639745057],"scale":[1.1891892,1.1891892,1],"shapeName":"/levels/west_coast_usa/art/shapes/rocksJV/s_rocks_desert_huge_sheet_1.dae","useInstanceRenderData":true}
{"class":"TSStatic","__parent":"Rockss","position":[778.445923,-388.60556,156.917618],"isRenderEnabled":false,"rotationMatrix":[-0.823260069,-0.567416012,0.016769141,0.213083819,-0.281511426,0.935599267,-0.526153445,0.773815095,0.352664828],"shapeName":"/levels/west_coast_usa/art/shapes/rocksJV/s_rocks_desert_huge_sheet_2.dae","useInstanceRenderData":true}
{"class":"TSStatic","__parent":"Rockss","position":[761.371094,-399.66684,158.117523],"isRenderEnabled":false,"rotationMatrix":[0.884457052,0.457583755,0.0913936049,-0.270295292,0.662063479,-0.699008107,-0.380363166,0.593539357,0.709249496],"scale":[1.1891892,1.1891892,1],"shapeName":"/levels/west_coast_usa/art/shapes/rocksJV/s_rocks_desert_huge_sheet_1.dae","useInstanceRenderData":true}
{"class":"TSStatic","__parent":"Rockss","position":[746.597839,-409.588898,156.818695],"isRenderEnabled":false,"rotationMatrix":[0.855116725,0.515415907,0.055872798,-0.194732845,0.419205606,-0.886761248,-0.480473161,0.747404039,0.458838165],"shapeName":"/levels/west_coast_usa/art/shapes/rocksJV/s_rocks_desert_huge_sheet_2.dae","useInstanceRenderData":true}
{"class":"TSStatic","__parent":"Rockss","position":[717.618713,-425.573486,155.719772],"isRenderEnabled":false,"rotationMatrix":[0.858083963,0.501402378,0.110849053,-0.250763774,0.597528338,-0.761628091,-0.448117644,0.625743926,0.63846302],"scale":[1.1891892,1.1891892,1],"shapeName":"/levels/west_coast_usa/art/shapes/rocksJV/s_rocks_desert_huge_sheet_1.dae","useInstanceRenderData":true}
{"class":"TSStatic","__parent":"Rockss","position":[713.522034,-429.258881,154.439148],"isRenderEnabled":false,"rotationMatrix":[-0.804662704,-0.592256188,-0.0418353379,0.175364345,-0.304392099,0.93626529,-0.567243338,0.746041477,0.348793745],"shapeName":"/levels/west_coast_usa/art/shapes/rocksJV/s_rocks_desert_huge_sheet_2.dae","useInstanceRenderData":true}
{"class":"TSStatic","__parent":"Rockss","position":[708.071289,-433.382538,154.394684],"isRenderEnabled":false,"rotationMatrix":[0.811812758,0.577783108,0.0844200552,-0.138546169,0.331041813,-0.933389664,-0.567243338,0.746041536,0.348793626],"shapeName":"/levels/west_coast_usa/art/shapes/rocksJV/s_rocks_desert_huge_sheet_2.dae","useInstanceRenderData":true}
{"class":"TSStatic","__parent":"Rockss","position":[729.408936,-419.949371,155.695572],"isRenderEnabled":false,"rotationMatrix":[0.855116665,0.515416026,0.0558728576,-0.138546199,0.331041992,-0.933389425,-0.499580204,0.790415883,0.354488492],"shapeName":"/levels/west_coast_usa/art/shapes/rocksJV/s_rocks_desert_huge_sheet_2.dae","useInstanceRenderData":true}
{"class":"TSStatic","__parent":"Rockss","position":[702.04126,-436.902435,154.041367],"isRenderEnabled":false,"rotationMatrix":[0.910060167,0.414306462,0.0118572712,-0.138546154,0.331041992,-0.933389425,-0.390634626,0.847797751,0.358668745],"shapeName":"/levels/west_coast_usa/art/shapes/rocksJV/s_rocks_desert_huge_sheet_2.dae","useInstanceRenderData":true}
{"class":"TSStatic","__parent":"Rockss","position":[826.517273,-359.134766,159.74437],"isRenderEnabled":false,"rotationMatrix":[0.918782055,0.389823586,0.0622663051,-0.273074895,0.741506815,-0.612860322,-0.285078287,0.546081662,0.78773421],"scale":[1.1891892,1.1891892,1],"shapeName":"/levels/west_coast_usa/art/shapes/rocksJV/s_rocks_desert_huge_sheet_1.dae","useInstanceRenderData":true}
{"class":"TSStatic","__parent":"Rockss","position":[822.132812,-362.671814,158.171967],"isRenderEnabled":false,"rotationMatrix":[-0.874144912,-0.485624492,0.00629678369,0.262270153,-0.461105943,0.847700298,-0.408760518,0.742664278,0.530438125],"shapeName":"/levels/west_coast_usa/art/shapes/rocksJV/s_rocks_desert_huge_sheet_2.dae","useInstanceRenderData":true}
{"class":"TSStatic","__parent":"Rockss","position":[710.422485,-430.64566,154.439148],"isRenderEnabled":false,"rotationMatrix":[-0.804662704,-0.592256188,-0.0418353379,0.175364345,-0.304392099,0.93626529,-0.567243338,0.746041477,0.348793745],"shapeName":"/levels/west_coast_usa/art/shapes/rocksJV/s_rocks_desert_huge_sheet_2.dae","useInstanceRenderData":true}
