{"name":"facilityWork_drop16","class":"BeamNGTrigger","__parent":"facility_work","position":[-293.073639,-140.107895,122.169579],"luaFunction":"onBeamNGTrigger","rotationMatrix":[0.580048561,-0.814581811,-1.2991859e-07,0.814581811,0.580048561,-1.01600153e-05,8.35152423e-06,5.78747222e-06,1],"scale":[9.11689758,3.78142428,3.37364483]}
{"name":"facilityWork_drop17","class":"BeamNGTrigger","__parent":"facility_work","position":[-289.532257,-151.31424,122.125061],"luaFunction":"onBeamNGTrigger","rotationMatrix":[0.811207831,0.584757924,-9.78670869e-08,-0.584757924,0.811207831,-1.01603764e-05,-5.86197075e-06,8.29940473e-06,1],"scale":[6.80932951,3.78142428,3.37364483]}
{"name":"facilityWork_drop5","class":"BeamNGTrigger","__parent":"facility_work","position":[-60.2708473,772.10321,77.2488632],"luaFunction":"onBeamNGTrigger","rotationMatrix":[-1,0,0,0,-0.999999821,-1.00413963e-05,0,-1.02202102e-05,0.999999821],"scale":[8.56244755,8.367383,5.0581789]}
{"name":"facilityWork_drop2","class":"BeamNGTrigger","__parent":"facility_work","position":[34.1242828,787.849182,77.2488632],"luaFunction":"onBeamNGTrigger","rotationMatrix":[-1,0,0,0,-0.999999821,-1.00413963e-05,0,-1.02202102e-05,0.999999821],"scale":[8.56244755,8.367383,5.0581789]}
{"name":"facilityWork_drop6","class":"BeamNGTrigger","__parent":"facility_work","position":[-60.2708473,755.716797,77.2488632],"luaFunction":"onBeamNGTrigger","rotationMatrix":[-1,0,0,0,-0.999999821,-1.00413963e-05,0,-1.02202102e-05,0.999999821],"scale":[8.56244755,8.367383,5.0581789]}
{"name":"facilityWork_drop13","class":"BeamNGTrigger","__parent":"facility_work","position":[-30.0616074,787.9823,77.2488632],"luaFunction":"onBeamNGTrigger","rotationMatrix":[-1,0,0,0,-0.999999821,-1.00413963e-05,0,-1.02202102e-05,0.999999821],"scale":[8.56244755,8.367383,5.0581789]}
{"name":"facilityWork_drop12","class":"BeamNGTrigger","__parent":"facility_work","position":[-30.0616074,771.789001,77.2488632],"luaFunction":"onBeamNGTrigger","rotationMatrix":[-1,0,0,0,-0.999999821,-1.00413963e-05,0,-1.02202102e-05,0.999999821],"scale":[8.56244755,8.367383,5.0581789]}
{"name":"facilityWork_drop3","class":"BeamNGTrigger","__parent":"facility_work","position":[-60.2708473,819.886902,77.2488632],"luaFunction":"onBeamNGTrigger","rotationMatrix":[-1,0,0,0,-0.999999821,-1.00413963e-05,0,-1.02202102e-05,0.999999821],"scale":[8.56244755,8.367383,5.0581789]}
{"name":"facilityWork_drop11","class":"BeamNGTrigger","__parent":"facility_work","position":[-30.0616074,740.019165,77.2488632],"luaFunction":"onBeamNGTrigger","rotationMatrix":[-1,0,0,0,-0.999999821,-1.00413963e-05,0,-1.02202102e-05,0.999999821],"scale":[8.56244755,8.367383,5.0581789]}
{"name":"facilityWork_drop10","class":"BeamNGTrigger","__parent":"facility_work","position":[-30.0616074,724.097473,77.2488632],"luaFunction":"onBeamNGTrigger","rotationMatrix":[-1,0,0,0,-0.999999821,-1.00413963e-05,0,-1.02202102e-05,0.999999821],"scale":[8.56244755,8.367383,5.0581789]}
{"name":"facilityWork_drop9","class":"BeamNGTrigger","__parent":"facility_work","position":[-60.2708473,707.835693,77.2488632],"luaFunction":"onBeamNGTrigger","rotationMatrix":[-1,0,0,0,-0.999999821,-1.00413963e-05,0,-1.02202102e-05,0.999999821],"scale":[8.56244755,8.367383,5.0581789]}
{"name":"facilityWork_drop8","class":"BeamNGTrigger","__parent":"facility_work","position":[-60.2708473,723.768311,77.2488632],"luaFunction":"onBeamNGTrigger","rotationMatrix":[-1,0,0,0,-0.999999821,-1.00413963e-05,0,-1.02202102e-05,0.999999821],"scale":[8.56244755,8.367383,5.0581789]}
{"name":"facilityWork_drop7","class":"BeamNGTrigger","__parent":"facility_work","position":[-60.2708473,739.790771,77.2488632],"luaFunction":"onBeamNGTrigger","rotationMatrix":[-1,0,0,0,-0.999999821,-1.00413963e-05,0,-1.02202102e-05,0.999999821],"scale":[8.56244755,8.367383,5.0581789]}
{"name":"facilityWork_drop4","class":"BeamNGTrigger","__parent":"facility_work","position":[-60.2708473,787.890381,77.2488632],"luaFunction":"onBeamNGTrigger","rotationMatrix":[-1,0,0,0,-0.999999821,-1.00413963e-05,0,-1.02202102e-05,0.999999821],"scale":[8.56244755,8.367383,5.0581789]}
{"name":"facilityWork_drop1","class":"BeamNGTrigger","__parent":"facility_work","position":[4.24810791,787.849182,77.2488632],"luaFunction":"onBeamNGTrigger","rotationMatrix":[-1,0,0,0,-0.999999821,-1.00413963e-05,0,-1.02202102e-05,0.999999821],"scale":[8.56244755,8.367383,5.0581789]}
{"name":"facilityWork_drop19","class":"BeamNGTrigger","__parent":"facility_work","position":[-308.051727,-159.014618,122.127991],"luaFunction":"onBeamNGTrigger","rotationMatrix":[0.578037024,-0.816010475,-1.04850187e-07,0.816010475,0.578037024,-1.01603036e-05,8.35152241e-06,5.78747176e-06,1],"scale":[8.42413044,3.78142428,3.37364483]}
{"name":"facilityWork_drop15","class":"BeamNGTrigger","__parent":"facility_work","position":[-287.881622,-136.415283,122.141563],"luaFunction":"onBeamNGTrigger","rotationMatrix":[0.578021049,-0.81602174,-1.04652827e-07,0.81602174,0.578021049,-1.01603055e-05,8.35152332e-06,5.78747131e-06,1],"scale":[9.11689758,3.78142428,3.37364483]}
{"name":"facilityWork_drop18","class":"BeamNGTrigger","__parent":"facility_work","position":[-298.829651,-156.733551,122.142883],"luaFunction":"onBeamNGTrigger","rotationMatrix":[0.569590092,-0.821928859,-5.41149348e-11,0.821928859,0.569590092,-1.01608475e-05,8.35152605e-06,5.78747313e-06,1],"scale":[6.21149778,7.29889679,3.37364483]}
