{"name":"mudDragLane_Main_1","class":"TSStatic","__parent":"mudDragLane","position":[545.811584,-481.822052,154.393661],"isRenderEnabled":false,"rotationMatrix":[-0.92199719,-0.387176186,0.00396636548,0.387194067,-0.921979427,0.00589124905,0.001375956,0.00696746865,0.999974787],"shapeName":"/levels/west_coast_usa/art/shapes/objects/screenfence2.dae"}
{"name":"mudDragLane_Main_2","class":"TSStatic","__parent":"mudDragLane","position":[548.410278,-480.725189,154.393661],"isRenderEnabled":false,"rotationMatrix":[-0.922495365,-0.385916591,-0.00839663856,0.385886252,-0.922532558,0.00503752148,-0.0096902363,0.00140694284,0.999952078],"shapeName":"/levels/west_coast_usa/art/shapes/objects/screenfence2.dae"}
{"name":"mudDragLane_Main_3","class":"TSStatic","__parent":"mudDragLane","position":[551.008972,-479.628326,154.393661],"isRenderEnabled":false,"rotationMatrix":[-0.920708895,-0.390221775,0.00471002748,0.390210092,-0.92072022,-0.0032202357,0.00559322396,-0.00112699927,0.999983728],"shapeName":"/levels/west_coast_usa/art/shapes/objects/screenfence2.dae"}
{"name":"mudDragLane_Main_4","class":"TSStatic","__parent":"mudDragLane","position":[553.607666,-478.531464,154.393661],"isRenderEnabled":false,"rotationMatrix":[-0.917766333,-0.397045851,-0.00769815408,0.397047043,-0.917796969,0.00144043146,-0.00763726141,-0.00173454988,0.999969304],"shapeName":"/levels/west_coast_usa/art/shapes/objects/screenfence2.dae"}
{"name":"mudDragLane_Main_5","class":"TSStatic","__parent":"mudDragLane","position":[556.20636,-477.434601,154.393661],"isRenderEnabled":false,"rotationMatrix":[-0.918764234,-0.394784808,0.00416914793,0.394806802,-0.918715596,0.00945629552,9.70591791e-05,0.0103341136,0.999946594],"shapeName":"/levels/west_coast_usa/art/shapes/objects/screenfence2.dae"}
{"name":"mudDragLane_Main_6","class":"TSStatic","__parent":"mudDragLane","position":[558.805054,-476.337738,154.393661],"isRenderEnabled":false,"rotationMatrix":[-0.920131922,-0.391583443,-0.00443326589,0.391530812,-0.920115948,0.00950882398,-0.00780261587,0.00701361289,0.999944985],"shapeName":"/levels/west_coast_usa/art/shapes/objects/screenfence2.dae"}
{"name":"mudDragLane_Main_7","class":"TSStatic","__parent":"mudDragLane","position":[561.403748,-475.240875,154.393661],"isRenderEnabled":false,"rotationMatrix":[-0.921872854,-0.387476027,0.00358092133,0.387476623,-0.921879411,-0.000547343749,0.00351326028,0.000882941997,0.999993443],"shapeName":"/levels/west_coast_usa/art/shapes/objects/screenfence2.dae"}
{"name":"mudDragLane_Main_8","class":"TSStatic","__parent":"mudDragLane","position":[564.002441,-474.144012,154.393661],"isRenderEnabled":false,"rotationMatrix":[-0.918801904,-0.394717842,-0.000927329645,0.394705981,-0.918788314,0.00594459474,-0.00319845742,0.00509588234,0.99998188],"shapeName":"/levels/west_coast_usa/art/shapes/objects/screenfence2.dae"}
{"name":"mudDragLane_Main_9","class":"TSStatic","__parent":"mudDragLane","position":[566.601135,-473.04715,154.393661],"isRenderEnabled":false,"rotationMatrix":[-0.922024012,-0.387089312,-0.005782675,0.387076795,-0.922041774,0.00318869902,-0.00656617992,0.000701718149,0.999978185],"shapeName":"/levels/west_coast_usa/art/shapes/objects/screenfence2.dae"}
{"name":"mudDragLane_Main_10","class":"TSStatic","__parent":"mudDragLane","position":[569.199829,-471.950287,154.393661],"isRenderEnabled":false,"rotationMatrix":[-0.921904325,-0.38736099,0.00660991529,0.387316346,-0.921919465,-0.0071066902,0.0088466648,-0.00399156054,0.999952912],"shapeName":"/levels/west_coast_usa/art/shapes/objects/screenfence2.dae"}
{"name":"mudDragLane_Main_11","class":"TSStatic","__parent":"mudDragLane","position":[571.798584,-470.853424,154.393661],"isRenderEnabled":false,"rotationMatrix":[-0.917710543,-0.397194386,0.00664184708,0.397126675,-0.917714,-0.0095641939,0.00989415962,-0.00613950659,0.99993223],"shapeName":"/levels/west_coast_usa/art/shapes/objects/screenfence2.dae"}
{"name":"mudDragLane_Main_12","class":"TSStatic","__parent":"mudDragLane","position":[574.397278,-469.756561,154.393661],"isRenderEnabled":false,"rotationMatrix":[-0.923821211,-0.382816285,0.00248698448,0.382824272,-0.923797607,0.00660790224,-0.000232142396,0.00705659762,0.999975085],"shapeName":"/levels/west_coast_usa/art/shapes/objects/screenfence2.dae"}
{"name":"mudDragLane_Main_13","class":"TSStatic","__parent":"mudDragLane","position":[576.995972,-468.659698,154.393661],"isRenderEnabled":false,"rotationMatrix":[-0.924539804,-0.381054699,-0.00483619096,0.381080031,-0.924519658,-0.00642587245,-0.00202254532,-0.00778395124,0.999967635],"shapeName":"/levels/west_coast_usa/art/shapes/objects/screenfence2.dae"}
{"name":"mudDragLane_Main_14","class":"TSStatic","__parent":"mudDragLane","position":[579.594666,-467.562836,154.393661],"isRenderEnabled":false,"rotationMatrix":[-0.920142651,-0.391492307,-0.00843931548,0.391531885,-0.920157313,-0.00363619998,-0.0063419533,-0.0066500837,0.9999578],"shapeName":"/levels/west_coast_usa/art/shapes/objects/screenfence2.dae"}
{"name":"mudDragLane_Main_15","class":"TSStatic","__parent":"mudDragLane","position":[582.193359,-466.465973,154.393661],"isRenderEnabled":false,"rotationMatrix":[-0.922593594,-0.385655582,-0.00952853542,0.385585785,-0.922633886,0.00838625804,-0.0120255565,0.00406304002,0.999919415],"shapeName":"/levels/west_coast_usa/art/shapes/objects/screenfence2.dae"}
{"name":"mudDragLane_Main_16","class":"TSStatic","__parent":"mudDragLane","position":[584.792053,-465.369141,154.393661],"isRenderEnabled":false,"rotationMatrix":[-0.918298125,-0.395887911,0.00110327592,0.395888388,-0.918285608,0.00488204416,-0.000919619808,0.00491994619,0.999987483],"shapeName":"/levels/west_coast_usa/art/shapes/objects/screenfence2.dae"}
{"name":"mudDragLane_Main_17","class":"TSStatic","__parent":"mudDragLane","position":[587.390747,-464.272278,154.393661],"isRenderEnabled":false,"rotationMatrix":[-0.921277046,-0.388794541,-0.00933643151,0.3888641,-0.92126596,-0.00732824579,-0.00575215463,-0.0103819482,0.999929547],"shapeName":"/levels/west_coast_usa/art/shapes/objects/screenfence2.dae"}
{"name":"mudDragLane_Main_18","class":"TSStatic","__parent":"mudDragLane","position":[589.989441,-463.175415,154.393661],"isRenderEnabled":false,"rotationMatrix":[-0.924038053,-0.382300079,0.000103987812,0.382297695,-0.924031377,0.00378639624,-0.0013514515,0.00353852939,0.999992847],"shapeName":"/levels/west_coast_usa/art/shapes/objects/screenfence2.dae"}
{"name":"mudDragLane_Main_19","class":"TSStatic","__parent":"mudDragLane","position":[592.588135,-462.078552,154.393661],"isRenderEnabled":false,"rotationMatrix":[-0.924209714,-0.381863743,-0.00408418756,0.381884247,-0.924181819,-0.00724018319,-0.00100976857,-0.00825113431,0.999965429],"shapeName":"/levels/west_coast_usa/art/shapes/objects/screenfence2.dae"}
{"name":"mudDragLane_Main_20","class":"TSStatic","__parent":"mudDragLane","position":[595.186829,-460.981689,154.393661],"isRenderEnabled":false,"rotationMatrix":[-0.922451735,-0.386092722,0.0038955682,0.386109293,-0.922437668,0.00532150175,0.0015388258,0.00641294383,0.999978244],"shapeName":"/levels/west_coast_usa/art/shapes/objects/screenfence2.dae"}
{"name":"mudDragLane_Main_21","class":"TSStatic","__parent":"mudDragLane","position":[597.785522,-459.884827,154.393661],"isRenderEnabled":false,"rotationMatrix":[-0.917720556,-0.397107452,-0.00972887594,0.397055596,-0.917768836,0.00686410582,-0.011654648,0.002436426,0.99992913],"shapeName":"/levels/west_coast_usa/art/shapes/objects/screenfence2.dae"}
{"name":"mudDragLane_Main_22","class":"TSStatic","__parent":"mudDragLane","position":[600.384277,-458.787964,154.393661],"isRenderEnabled":false,"rotationMatrix":[-0.924826145,-0.380384862,-0.00194972358,0.380370438,-0.924818635,0.00536385179,-0.00384346885,0.00421901327,0.999983728],"shapeName":"/levels/west_coast_usa/art/shapes/objects/screenfence2.dae"}
{"name":"mudDragLane_Main_23","class":"TSStatic","__parent":"mudDragLane","position":[602.982971,-457.691101,154.393661],"isRenderEnabled":false,"rotationMatrix":[-0.919681549,-0.392658591,-0.00226173201,0.392620683,-0.919648886,0.00974903628,-0.00590804219,0.00807800516,0.999949932],"shapeName":"/levels/west_coast_usa/art/shapes/objects/screenfence2.dae"}
{"name":"mudDragLane_Main_24","class":"TSStatic","__parent":"mudDragLane","position":[605.581665,-456.594238,154.393661],"isRenderEnabled":false,"rotationMatrix":[-0.924764991,-0.380459815,0.00773685379,0.380435258,-0.924796581,-0.00449040812,0.00886343606,-0.00120920048,0.999960005],"shapeName":"/levels/west_coast_usa/art/shapes/objects/screenfence2.dae"}
{"name":"mudDragLane_Main_25","class":"TSStatic","__parent":"mudDragLane","position":[608.180359,-455.497375,154.393661],"isRenderEnabled":false,"rotationMatrix":[-0.917845607,-0.396904051,0.00518158916,0.396917403,-0.91785264,0.0018249515,0.00403160416,0.00373168639,0.99998492],"shapeName":"/levels/west_coast_usa/art/shapes/objects/screenfence2.dae"}
{"name":"mudDragLane_Main_26","class":"TSStatic","__parent":"mudDragLane","position":[610.779053,-454.400513,154.393661],"isRenderEnabled":false,"rotationMatrix":[-0.924729705,-0.380614072,0.00284218462,0.380607039,-0.924732924,-0.00271924026,0.00366324233,-0.00143280637,0.999992251],"shapeName":"/levels/west_coast_usa/art/shapes/objects/screenfence2.dae"}
{"name":"mudDragLane_Main_27","class":"TSStatic","__parent":"mudDragLane","position":[613.377747,-453.30365,154.393661],"isRenderEnabled":false,"rotationMatrix":[-0.918712974,-0.394846469,-0.00793282222,0.394817084,-0.918745995,0.00504627777,-0.00928075332,0.00150406652,0.999955773],"shapeName":"/levels/west_coast_usa/art/shapes/objects/screenfence2.dae"}
{"name":"mudDragLane_Main_28","class":"TSStatic","__parent":"mudDragLane","position":[615.97644,-452.206787,154.393661],"isRenderEnabled":false,"rotationMatrix":[-0.918537974,-0.395293057,-0.00561121665,0.395329535,-0.918496013,-0.00892487075,-0.0016259409,-0.0104161119,0.999944448],"shapeName":"/levels/west_coast_usa/art/shapes/objects/screenfence2.dae"}
{"name":"mudDragLane_Main_29","class":"TSStatic","__parent":"mudDragLane","position":[618.575134,-451.109924,154.393661],"isRenderEnabled":false,"rotationMatrix":[-0.919504523,-0.393073916,0.00204764749,0.393071651,-0.919506669,-0.00143155782,0.00244553364,-0.000511451741,0.999996901],"shapeName":"/levels/west_coast_usa/art/shapes/objects/screenfence2.dae"}
{"name":"mudDragLane_Main_30","class":"TSStatic","__parent":"mudDragLane","position":[621.173828,-450.013062,154.393661],"isRenderEnabled":false,"rotationMatrix":[-0.91894269,-0.394368291,-0.00425588898,0.394337952,-0.918942332,0.00652611395,-0.0064846091,0.00431886548,0.999969661],"shapeName":"/levels/west_coast_usa/art/shapes/objects/screenfence2.dae"}
{"name":"mudDragLane_Main_31","class":"TSStatic","__parent":"mudDragLane","position":[623.772522,-448.916199,154.393661],"isRenderEnabled":false,"rotationMatrix":[-0.917746067,-0.397132576,0.00529235974,0.397094011,-0.917750835,-0.00705211563,0.00765769277,-0.00437048683,0.999961138],"shapeName":"/levels/west_coast_usa/art/shapes/objects/screenfence2.dae"}
{"name":"mudDragLane_Main_32","class":"TSStatic","__parent":"mudDragLane","position":[626.371216,-447.819336,154.393661],"isRenderEnabled":false,"rotationMatrix":[-0.918512702,-0.39537254,0.00382399932,0.395389408,-0.918493629,0.00603627041,0.00112574396,0.00705636106,0.999974489],"shapeName":"/levels/west_coast_usa/art/shapes/objects/screenfence2.dae"}
{"name":"mudDragLane_Main_33","class":"TSStatic","__parent":"mudDragLane","position":[628.96991,-446.722473,154.393661],"isRenderEnabled":false,"rotationMatrix":[-0.920414686,-0.390894145,0.0061865449,0.390936404,-0.920376182,0.0087223975,0.0022844153,0.0104467692,0.999942839],"shapeName":"/levels/west_coast_usa/art/shapes/objects/screenfence2.dae"}
{"name":"mudDragLane_Main_34","class":"TSStatic","__parent":"mudDragLane","position":[631.568665,-445.62561,154.393661],"isRenderEnabled":false,"rotationMatrix":[-0.922661304,-0.385514468,-0.0086665554,0.385475129,-0.922699571,0.00589302834,-0.0102684731,0.00209652702,0.999945104],"shapeName":"/levels/west_coast_usa/art/shapes/objects/screenfence2.dae"}
{"name":"mudDragLane_Main_35","class":"TSStatic","__parent":"mudDragLane","position":[634.167358,-444.528748,154.393661],"isRenderEnabled":false,"rotationMatrix":[-0.917923808,-0.396711558,0.00598026952,0.396721393,-0.917938948,0.000510263722,0.00528709451,0.00284088426,0.999981999],"shapeName":"/levels/west_coast_usa/art/shapes/objects/screenfence2.dae"}
{"name":"mudDragLane_Main_36","class":"TSStatic","__parent":"mudDragLane","position":[636.766052,-443.431885,154.393661],"isRenderEnabled":false,"rotationMatrix":[-0.921676755,-0.387939006,0.00394151453,0.387943119,-0.921683431,0.00030435645,0.00351475645,0.00180960167,0.999992192],"shapeName":"/levels/west_coast_usa/art/shapes/objects/screenfence2.dae"}
{"name":"mudDragLane_Main_37","class":"TSStatic","__parent":"mudDragLane","position":[639.364746,-442.335022,154.393661],"isRenderEnabled":false,"rotationMatrix":[-0.917928696,-0.396733969,0.00295599177,0.396700829,-0.917912245,-0.00807904825,0.00591857452,-0.00624334672,0.999962986],"shapeName":"/levels/west_coast_usa/art/shapes/objects/screenfence2.dae"}
{"name":"mudDragLane_Main_38","class":"TSStatic","__parent":"mudDragLane","position":[641.96344,-441.238159,154.393661],"isRenderEnabled":false,"rotationMatrix":[-0.922688007,-0.385498613,0.00613466138,0.385465056,-0.922703028,-0.00599191338,0.00797034428,-0.00316396914,0.999963224],"shapeName":"/levels/west_coast_usa/art/shapes/objects/screenfence2.dae"}
{"name":"mudDragLane_Main_39","class":"TSStatic","__parent":"mudDragLane","position":[644.562134,-440.141296,154.393661],"isRenderEnabled":false,"rotationMatrix":[-0.92381382,-0.382827282,0.00338062597,0.382841647,-0.923761129,0.00988443103,-0.000661138794,0.010425617,0.999945462],"shapeName":"/levels/west_coast_usa/art/shapes/objects/screenfence2.dae"}
{"name":"mudDragLane_Main_40","class":"TSStatic","__parent":"mudDragLane","position":[647.160828,-439.044434,154.393661],"isRenderEnabled":false,"rotationMatrix":[-0.920202851,-0.391432762,-0.00264205551,0.391392708,-0.920173526,0.00961012021,-0.00619286532,0.0078091789,0.999950349],"shapeName":"/levels/west_coast_usa/art/shapes/objects/screenfence2.dae"}
{"name":"mudDragLane_Main_41","class":"TSStatic","__parent":"mudDragLane","position":[649.759521,-437.947571,154.393661],"isRenderEnabled":false,"rotationMatrix":[-0.923747063,-0.38289988,0.00888937991,0.382973015,-0.923716426,0.00891623832,0.00479723979,0.0116407406,0.999920726],"shapeName":"/levels/west_coast_usa/art/shapes/objects/screenfence2.dae"}
{"name":"mudDragLane_Main_42","class":"TSStatic","__parent":"mudDragLane","position":[652.358215,-436.850708,154.393661],"isRenderEnabled":false,"rotationMatrix":[-0.922494769,-0.385993183,0.00357704377,0.386009455,-0.922466397,0.00725063309,0.000501007424,0.00806944352,0.999967337],"shapeName":"/levels/west_coast_usa/art/shapes/objects/screenfence2.dae"}
{"name":"mudDragLane_Main_43","class":"TSStatic","__parent":"mudDragLane","position":[654.956909,-435.753845,154.393661],"isRenderEnabled":false,"rotationMatrix":[-0.920544863,-0.390560329,0.00771704176,0.390577853,-0.92056942,0.00084576779,0.00677374983,0.00379267265,0.99996984],"shapeName":"/levels/west_coast_usa/art/shapes/objects/screenfence2.dae"}
{"name":"mudDragLane_Main_44","class":"TSStatic","__parent":"mudDragLane","position":[657.555603,-434.656982,154.393661],"isRenderEnabled":false,"rotationMatrix":[-0.917501926,-0.397719532,-0.00302784867,0.397730321,-0.91745913,-0.00890357606,0.000763198361,-0.00937331654,0.999955773],"shapeName":"/levels/west_coast_usa/art/shapes/objects/screenfence2.dae"}
{"name":"mudDragLane_Main_45","class":"TSStatic","__parent":"mudDragLane","position":[660.154358,-433.56012,154.393661],"isRenderEnabled":false,"rotationMatrix":[-0.9225384,-0.385903031,0.00138933118,0.38588044,-0.922513604,-0.00807782635,0.00439893408,-0.0069159884,0.999966383],"shapeName":"/levels/west_coast_usa/art/shapes/objects/screenfence2.dae"}
{"name":"mudDragLane_Main_46","class":"TSStatic","__parent":"mudDragLane","position":[662.753052,-432.463287,154.393661],"isRenderEnabled":false,"rotationMatrix":[-0.920017838,-0.391763479,0.00942861754,0.391824991,-0.920021296,0.00585774472,0.00637967745,0.00908359699,0.999938369],"shapeName":"/levels/west_coast_usa/art/shapes/objects/screenfence2.dae"}
{"name":"mudDragLane_Main_47","class":"TSStatic","__parent":"mudDragLane","position":[665.351746,-431.366425,154.393661],"isRenderEnabled":false,"rotationMatrix":[-0.920459986,-0.390814602,-0.00414290838,0.390833795,-0.920441747,-0.00597620057,-0.00147771952,-0.00712004257,0.999973536],"shapeName":"/levels/west_coast_usa/art/shapes/objects/screenfence2.dae"}
{"name":"mudDragLane_Main_48","class":"TSStatic","__parent":"mudDragLane","position":[667.950439,-430.269562,154.393661],"isRenderEnabled":false,"rotationMatrix":[-0.923822403,-0.382819235,0.00121809577,0.382820368,-0.92380929,0.00497477641,-0.0007791518,0.00506212236,0.999986887],"shapeName":"/levels/west_coast_usa/art/shapes/objects/screenfence2.dae"}
{"name":"mudDragLane_Main_49","class":"TSStatic","__parent":"mudDragLane","position":[670.549133,-429.172699,154.393661],"isRenderEnabled":false,"rotationMatrix":[-0.919706345,-0.392492026,-0.00950421207,0.392505139,-0.919749737,0.000524934032,-0.0089475289,-0.0032476671,0.9999547],"shapeName":"/levels/west_coast_usa/art/shapes/objects/screenfence2.dae"}
{"name":"mudDragLane_Main_50","class":"TSStatic","__parent":"mudDragLane","position":[673.147827,-428.075836,154.393661],"isRenderEnabled":false,"rotationMatrix":[-0.917925119,-0.396710277,-0.00588181848,0.396735728,-0.917924047,-0.00404041866,-0.00379618676,-0.00604232913,0.999974549],"shapeName":"/levels/west_coast_usa/art/shapes/objects/screenfence2.dae"}
{"name":"mudDragLane_Main_51","class":"TSStatic","__parent":"mudDragLane","position":[675.746521,-426.978973,154.393661],"isRenderEnabled":false,"rotationMatrix":[-0.92348671,-0.383579791,0.00621872302,0.383623779,-0.923443794,0.0091821691,0.00222054613,0.0108652627,0.999938488],"shapeName":"/levels/west_coast_usa/art/shapes/objects/screenfence2.dae"}
{"name":"mudDragLane_Main_52","class":"TSStatic","__parent":"mudDragLane","position":[678.345215,-425.882111,154.393661],"isRenderEnabled":false,"rotationMatrix":[-0.91951561,-0.393027782,-0.00447294535,0.39305073,-0.919490814,-0.00690492755,-0.0013990039,-0.00810728408,0.999966145],"shapeName":"/levels/west_coast_usa/art/shapes/objects/screenfence2.dae"}
{"name":"mudDragLane_Main_53","class":"TSStatic","__parent":"mudDragLane","position":[680.943909,-424.785248,154.393661],"isRenderEnabled":false,"rotationMatrix":[-0.922411442,-0.386164755,0.00583453197,0.386166602,-0.922428727,-0.000846855983,0.00570896547,0.0014719516,0.999982595],"shapeName":"/levels/west_coast_usa/art/shapes/objects/screenfence2.dae"}
{"name":"mudDragLane_Main_54","class":"TSStatic","__parent":"mudDragLane","position":[683.542603,-423.688385,154.393661],"isRenderEnabled":false,"rotationMatrix":[-0.923889518,-0.382603079,0.00655503711,0.382579952,-0.923911214,-0.00453053322,0.00778966909,-0.00167788682,0.999968231],"shapeName":"/levels/west_coast_usa/art/shapes/objects/screenfence2.dae"}
{"name":"mudDragLane_Main_55","class":"TSStatic","__parent":"mudDragLane","position":[686.141296,-422.591522,154.393661],"isRenderEnabled":false,"rotationMatrix":[-0.923476219,-0.383576363,0.00779303024,0.383569509,-0.923508763,-0.00241641654,0.00812381227,0.000757665373,0.999966741],"shapeName":"/levels/west_coast_usa/art/shapes/objects/screenfence2.dae"}
{"name":"mudDragLane_Main_56","class":"TSStatic","__parent":"mudDragLane","position":[688.73999,-421.494659,154.393661],"isRenderEnabled":false,"rotationMatrix":[-0.917496085,-0.397701681,0.00584993185,0.397714257,-0.917508602,0.00111731607,0.00492300419,0.00335173449,0.999982238],"shapeName":"/levels/west_coast_usa/art/shapes/objects/screenfence2.dae"}
{"name":"mudDragLane_Main_57","class":"TSStatic","__parent":"mudDragLane","position":[691.338745,-420.397797,154.393661],"isRenderEnabled":false,"rotationMatrix":[-0.919687867,-0.39257732,0.00756360125,0.392595857,-0.919710398,0.00107908482,0.00653269887,0.00396185974,0.999970794],"shapeName":"/levels/west_coast_usa/art/shapes/objects/screenfence2.dae"}
{"name":"mudDragLane_Main_58","class":"TSStatic","__parent":"mudDragLane","position":[693.937439,-419.300934,154.393661],"isRenderEnabled":false,"rotationMatrix":[-0.919954777,-0.392018855,0.00210468564,0.392020285,-0.919956565,0.000303910987,0.00181708054,0.00110466382,0.999997735],"shapeName":"/levels/west_coast_usa/art/shapes/objects/screenfence2.dae"}
{"name":"mudDragLane_Main_59","class":"TSStatic","__parent":"mudDragLane","position":[696.536133,-418.204071,154.393661],"isRenderEnabled":false,"rotationMatrix":[-0.924262404,-0.381684572,0.00749344192,0.381681472,-0.924292088,-0.00189876533,0.00765085779,0.00110515067,0.999970138],"shapeName":"/levels/west_coast_usa/art/shapes/objects/screenfence2.dae"}
{"name":"mudDragLane_Main_60","class":"TSStatic","__parent":"mudDragLane","position":[699.134827,-417.107208,154.393661],"isRenderEnabled":false,"rotationMatrix":[-0.917809486,-0.396989405,-0.00502633769,0.397020519,-0.917758107,-0.00973773934,-0.000747183105,-0.0109329484,0.999939978],"shapeName":"/levels/west_coast_usa/art/shapes/objects/screenfence2.dae"}
{"name":"mudDragLane_Main_61","class":"TSStatic","__parent":"mudDragLane","position":[701.733521,-416.010345,154.393661],"isRenderEnabled":false,"rotationMatrix":[-0.924700141,-0.380696416,0.000118383206,0.380695462,-0.924698472,-0.00194141234,0.000848557393,-0.00175015617,0.999998093],"shapeName":"/levels/west_coast_usa/art/shapes/objects/screenfence2.dae"}
{"name":"mudDragLane_Main_62","class":"TSStatic","__parent":"mudDragLane","position":[704.332214,-414.913483,154.393661],"isRenderEnabled":false,"rotationMatrix":[-0.918437958,-0.395470917,0.00864137337,0.395456553,-0.918478608,-0.00338182412,0.00927432813,0.000311292592,0.999956965],"shapeName":"/levels/west_coast_usa/art/shapes/objects/screenfence2.dae"}
{"name":"mudDragLane_Main_63","class":"TSStatic","__parent":"mudDragLane","position":[706.930908,-413.81662,154.393661],"isRenderEnabled":false,"rotationMatrix":[-0.919682503,-0.392560661,-0.00896090362,0.392567515,-0.919722676,0.00105110579,-0.00865416881,-0.002551076,0.99995929],"shapeName":"/levels/west_coast_usa/art/shapes/objects/screenfence2.dae"}
{"name":"mudDragLane_Main_64","class":"TSStatic","__parent":"mudDragLane","position":[709.529602,-412.719757,154.393661],"isRenderEnabled":false,"rotationMatrix":[-0.924434781,-0.381287813,0.00634110998,0.381311178,-0.924442172,0.00296756532,0.0047304919,0.00516125653,0.999975502],"shapeName":"/levels/west_coast_usa/art/shapes/objects/screenfence2.dae"}
{"name":"mudDragLane_Main_65","class":"TSStatic","__parent":"mudDragLane","position":[712.128296,-411.622894,154.393661],"isRenderEnabled":false,"rotationMatrix":[-0.924653292,-0.380808592,0.00106470217,0.380809844,-0.9246521,0.00151661807,0.000406937936,0.00180779491,0.999998271],"shapeName":"/levels/west_coast_usa/art/shapes/objects/screenfence2.dae"}
