{"name":"Mesh Spline 1_Main_1","class":"TSStatic","__parent":"Mesh Spline 1 - 21c32d8a-0be8-4f41-a7db-4c36b559f2bd","position":[161.645248,-732.592163,139.162277],"isRenderEnabled":false,"rotationMatrix":[0.582397759,0.811547935,-0.0469339341,-0.812303007,0.583216071,0.00477887504,0.031250909,0.0353413746,0.998886585],"shapeName":"/levels/west_coast_usa/art/shapes/objects/barrierfence_plain.dae"}
{"name":"Mesh Spline 1_Main_2","class":"TSStatic","__parent":"Mesh Spline 1 - 21c32d8a-0be8-4f41-a7db-4c36b559f2bd","position":[159.991013,-734.859558,139.317322],"isRenderEnabled":false,"rotationMatrix":[0.595741689,0.80037266,-0.0670478642,-0.8023265,0.596872926,-0.00385700352,0.0369320102,0.0560920537,0.997742295],"shapeName":"/levels/west_coast_usa/art/shapes/objects/barrierfence_plain.dae"}
{"name":"Mesh Spline 1_Main_3","class":"TSStatic","__parent":"Mesh Spline 1 - 21c32d8a-0be8-4f41-a7db-4c36b559f2bd","position":[158.268692,-737.067993,139.554321],"isRenderEnabled":false,"rotationMatrix":[0.62105161,0.776768208,-0.104528069,-0.781067491,0.624446511,-0.000316198915,0.0650265813,0.0818398595,0.994521856],"shapeName":"/levels/west_coast_usa/art/shapes/objects/barrierfence_plain.dae"}
{"name":"Mesh Spline 1_Main_4","class":"TSStatic","__parent":"Mesh Spline 1 - 21c32d8a-0be8-4f41-a7db-4c36b559f2bd","position":[156.424652,-739.170166,139.82872],"isRenderEnabled":false,"rotationMatrix":[0.678808808,0.728246212,-0.0942125469,-0.731070399,0.682271838,0.00641990826,0.0689538419,0.0645181239,0.99553138],"shapeName":"/levels/west_coast_usa/art/shapes/objects/barrierfence_plain.dae"}
{"name":"Mesh Spline 1_Main_5","class":"TSStatic","__parent":"Mesh Spline 1 - 21c32d8a-0be8-4f41-a7db-4c36b559f2bd","position":[154.450089,-741.153748,140.087158],"isRenderEnabled":false,"rotationMatrix":[0.718922734,0.6892519,-0.0898995399,-0.691522956,0.722312093,0.00782427751,0.0703284293,0.0565425456,0.995920122],"shapeName":"/levels/west_coast_usa/art/shapes/objects/barrierfence_plain.dae"}
{"name":"Mesh Spline 1_Main_6","class":"TSStatic","__parent":"Mesh Spline 1 - 21c32d8a-0be8-4f41-a7db-4c36b559f2bd","position":[152.396408,-743.061829,140.305634],"isRenderEnabled":false,"rotationMatrix":[0.740561128,0.668706417,-0.0663398951,-0.670246601,0.742137313,-0.00130605139,0.0483599417,0.045431301,0.997796237],"shapeName":"/levels/west_coast_usa/art/shapes/objects/barrierfence_plain.dae"}
{"name":"Mesh Spline 1_Main_7","class":"TSStatic","__parent":"Mesh Spline 1 - 21c32d8a-0be8-4f41-a7db-4c36b559f2bd","position":[150.316162,-744.945618,140.483444],"isRenderEnabled":false,"rotationMatrix":[0.735776305,0.67478174,-0.0574693568,-0.675605476,0.737234116,0.00657056272,0.0468020625,0.0339921489,0.998325646],"shapeName":"/levels/west_coast_usa/art/shapes/objects/barrierfence_plain.dae"}
{"name":"Mesh Spline 1_Main_8","class":"TSStatic","__parent":"Mesh Spline 1 - 21c32d8a-0be8-4f41-a7db-4c36b559f2bd","position":[148.247452,-746.84491,140.626205],"isRenderEnabled":false,"rotationMatrix":[0.732277751,0.679112196,-0.0507541597,-0.679854751,0.733338535,0.00348060485,0.0395837054,0.0319566876,0.998705089],"shapeName":"/levels/west_coast_usa/art/shapes/objects/barrierfence_plain.dae"}
{"name":"Mesh Spline 1_Main_9","class":"TSStatic","__parent":"Mesh Spline 1 - 21c32d8a-0be8-4f41-a7db-4c36b559f2bd","position":[146.171005,-748.738281,140.725327],"isRenderEnabled":false,"rotationMatrix":[0.746814311,0.664763629,-0.0189119577,-0.664971173,0.746829867,-0.00764959399,0.00903884228,0.0182887353,0.999791861],"shapeName":"/levels/west_coast_usa/art/shapes/objects/barrierfence_plain.dae"}
{"name":"Mesh Spline 1_Main_10","class":"TSStatic","__parent":"Mesh Spline 1 - 21c32d8a-0be8-4f41-a7db-4c36b559f2bd","position":[144.057739,-750.59259,140.771698],"isRenderEnabled":false,"rotationMatrix":[0.751424253,0.659818828,-0.00081845466,-0.659794986,0.751385272,-0.00952443574,-0.00566942804,0.00769690378,0.999954283],"shapeName":"/levels/west_coast_usa/art/shapes/objects/barrierfence_plain.dae"}
{"name":"Mesh Spline 1_Main_11","class":"TSStatic","__parent":"Mesh Spline 1 - 21c32d8a-0be8-4f41-a7db-4c36b559f2bd","position":[141.923553,-752.423767,140.774216],"isRenderEnabled":false,"rotationMatrix":[0.76469785,0.644337475,0.00815017987,-0.644385993,0.764671981,0.00659217918,-0.00198462675,-0.0102928868,0.999945045],"shapeName":"/levels/west_coast_usa/art/shapes/objects/barrierfence_plain.dae"}
{"name":"Mesh Spline 1_Main_12","class":"TSStatic","__parent":"Mesh Spline 1 - 21c32d8a-0be8-4f41-a7db-4c36b559f2bd","position":[139.788742,-754.254211,140.76123],"isRenderEnabled":false,"rotationMatrix":[0.763281882,0.646064341,-0.00125550246,-0.646057785,0.763261735,-0.00638806121,-0.0031688218,0.00568701839,0.999978781],"shapeName":"/levels/west_coast_usa/art/shapes/objects/barrierfence_plain.dae"}
{"name":"Mesh Spline 1_Main_13","class":"TSStatic","__parent":"Mesh Spline 1 - 21c32d8a-0be8-4f41-a7db-4c36b559f2bd","position":[137.6689,-756.101929,140.766434],"isRenderEnabled":false,"rotationMatrix":[0.747867823,0.66366148,-0.0157207362,-0.663781881,0.747917295,-0.00363868149,0.00934295729,0.0131563935,0.999869823],"shapeName":"/levels/west_coast_usa/art/shapes/objects/barrierfence_plain.dae"}
{"name":"Mesh Spline 1_Main_14","class":"TSStatic","__parent":"Mesh Spline 1 - 21c32d8a-0be8-4f41-a7db-4c36b559f2bd","position":[135.580078,-757.983704,140.810944],"isRenderEnabled":false,"rotationMatrix":[0.737891555,0.67406708,-0.0339053571,-0.674217641,0.738483787,0.00849643722,0.0307657272,0.0165901426,0.999388933],"shapeName":"/levels/west_coast_usa/art/shapes/objects/barrierfence_plain.dae"}
{"name":"Mesh Spline 1_Main_15","class":"TSStatic","__parent":"Mesh Spline 1 - 21c32d8a-0be8-4f41-a7db-4c36b559f2bd","position":[133.542435,-759.91925,140.894562],"isRenderEnabled":false,"rotationMatrix":[0.708129168,0.705264986,-0.0339759253,-0.705523789,0.708663344,0.00569429435,0.0280934777,0.0199385285,0.999406457],"shapeName":"/levels/west_coast_usa/art/shapes/objects/barrierfence_plain.dae"}
{"name":"Mesh Spline 1_Main_16","class":"TSStatic","__parent":"Mesh Spline 1 - 21c32d8a-0be8-4f41-a7db-4c36b559f2bd","position":[131.585892,-761.934937,140.997833],"isRenderEnabled":false,"rotationMatrix":[0.677933812,0.733573616,-0.0477014855,-0.734597027,0.678475201,-0.00621864945,0.0278024375,0.0392571986,0.998842299],"shapeName":"/levels/west_coast_usa/art/shapes/objects/barrierfence_plain.dae"}
{"name":"Mesh Spline 1_Main_17","class":"TSStatic","__parent":"Mesh Spline 1 - 21c32d8a-0be8-4f41-a7db-4c36b559f2bd","position":[129.762573,-764.070068,141.078979],"isRenderEnabled":false,"rotationMatrix":[0.624567091,0.780733526,-0.0192648508,-0.780809939,0.624749362,0.0049086716,0.0158680677,0.0119763911,0.999802351],"shapeName":"/levels/west_coast_usa/art/shapes/objects/barrierfence_plain.dae"}
{"name":"Mesh Spline 1_Main_18","class":"TSStatic","__parent":"Mesh Spline 1 - 21c32d8a-0be8-4f41-a7db-4c36b559f2bd","position":[128.113556,-766.343384,141.127182],"isRenderEnabled":false,"rotationMatrix":[0.560502291,0.827934504,-0.0190173779,-0.82813704,0.560485601,-0.00669702329,0.00511427037,0.0195026919,0.999796748],"shapeName":"/levels/west_coast_usa/art/shapes/objects/barrierfence_plain.dae"}
{"name":"Mesh Spline 1_Main_19","class":"TSStatic","__parent":"Mesh Spline 1 - 21c32d8a-0be8-4f41-a7db-4c36b559f2bd","position":[126.646034,-768.738647,141.153152],"isRenderEnabled":false,"rotationMatrix":[0.492382228,0.870378971,0.000347358407,-0.870368838,0.49237442,0.00504800677,0.00422264915,-0.00278787874,0.999987185],"shapeName":"/levels/west_coast_usa/art/shapes/objects/barrierfence_plain.dae"}
{"name":"Mesh Spline 1_Main_20","class":"TSStatic","__parent":"Mesh Spline 1 - 21c32d8a-0be8-4f41-a7db-4c36b559f2bd","position":[125.368355,-771.240295,141.165375],"isRenderEnabled":false,"rotationMatrix":[0.410988927,0.911518991,-0.0148747247,-0.911550701,0.41112262,0.00731720775,0.0127851088,0.0105517749,0.999862611],"shapeName":"/levels/west_coast_usa/art/shapes/objects/barrierfence_plain.dae"}
{"name":"Mesh Spline 1_Main_21","class":"TSStatic","__parent":"Mesh Spline 1 - 21c32d8a-0be8-4f41-a7db-4c36b559f2bd","position":[124.279083,-773.830261,141.15921],"isRenderEnabled":false,"rotationMatrix":[0.364248395,0.931270957,0.0075847134,-0.931298614,0.364213824,0.00557890581,0.00243301596,-0.0090957405,0.999955654],"shapeName":"/levels/west_coast_usa/art/shapes/objects/barrierfence_plain.dae"}
{"name":"Mesh Spline 1_Main_22","class":"TSStatic","__parent":"Mesh Spline 1 - 21c32d8a-0be8-4f41-a7db-4c36b559f2bd","position":[123.343887,-776.48053,141.115189],"isRenderEnabled":false,"rotationMatrix":[0.305637658,0.951947808,0.019518204,-0.952142119,0.305500269,0.00974364765,0.00331262778,-0.0215621311,0.999761999],"shapeName":"/levels/west_coast_usa/art/shapes/objects/barrierfence_plain.dae"}
{"name":"Mesh Spline 1_Main_23","class":"TSStatic","__parent":"Mesh Spline 1 - 21c32d8a-0be8-4f41-a7db-4c36b559f2bd","position":[122.530853,-779.170776,141.056412],"isRenderEnabled":false,"rotationMatrix":[0.27746886,0.960333347,0.0277624577,-0.960658073,0.277695596,-0.00459900871,-0.0121260928,-0.0253941491,0.999603987],"shapeName":"/levels/west_coast_usa/art/shapes/objects/barrierfence_plain.dae"}
{"name":"Mesh Spline 1_Main_24","class":"TSStatic","__parent":"Mesh Spline 1 - 21c32d8a-0be8-4f41-a7db-4c36b559f2bd","position":[121.838127,-781.894287,140.99028],"isRenderEnabled":false,"rotationMatrix":[0.215385795,0.975998282,0.0321912877,-0.976510644,0.215466917,0.000970262103,-0.00598918181,-0.0316441171,0.999481261],"shapeName":"/levels/west_coast_usa/art/shapes/objects/barrierfence_plain.dae"}
{"name":"Mesh Spline 1_Main_25","class":"TSStatic","__parent":"Mesh Spline 1 - 21c32d8a-0be8-4f41-a7db-4c36b559f2bd","position":[121.265076,-784.643921,140.875671],"isRenderEnabled":false,"rotationMatrix":[0.192364573,0.979646921,0.0573376939,-0.981220961,0.192860186,-0.00318709202,-0.0141803827,-0.0556478724,0.998349726],"shapeName":"/levels/west_coast_usa/art/shapes/objects/barrierfence_plain.dae"}
{"name":"Mesh Spline 1_Main_26","class":"TSStatic","__parent":"Mesh Spline 1 - 21c32d8a-0be8-4f41-a7db-4c36b559f2bd","position":[120.801117,-787.411987,140.711884],"isRenderEnabled":false,"rotationMatrix":[0.139995813,0.988674343,0.0540751405,-0.990144193,0.140003443,0.00366596319,-0.00394625962,-0.0540554076,0.998530149],"shapeName":"/levels/west_coast_usa/art/shapes/objects/barrierfence_plain.dae"}
{"name":"Mesh Spline 1_Main_27","class":"TSStatic","__parent":"Mesh Spline 1 - 21c32d8a-0be8-4f41-a7db-4c36b559f2bd","position":[120.439552,-790.194519,140.534851],"isRenderEnabled":false,"rotationMatrix":[0.103875041,0.992880166,0.05830051,-0.99445492,0.104649603,-0.0103845131,-0.0164117012,-0.0568985343,0.99824506],"shapeName":"/levels/west_coast_usa/art/shapes/objects/barrierfence_plain.dae"}
{"name":"Mesh Spline 1_Main_28","class":"TSStatic","__parent":"Mesh Spline 1 - 21c32d8a-0be8-4f41-a7db-4c36b559f2bd","position":[120.177025,-792.987793,140.350052],"isRenderEnabled":false,"rotationMatrix":[0.0713487864,0.995022953,0.0695608109,-0.99742049,0.0717224479,-0.00288644806,-0.00786115788,-0.0691754371,0.997573555],"shapeName":"/levels/west_coast_usa/art/shapes/objects/barrierfence_plain.dae"}
{"name":"Mesh Spline 1_Main_29","class":"TSStatic","__parent":"Mesh Spline 1 - 21c32d8a-0be8-4f41-a7db-4c36b559f2bd","position":[120.012901,-795.783569,140.108063],"isRenderEnabled":false,"rotationMatrix":[0.0348461866,0.994342327,0.100344345,-0.999391913,0.0345465541,0.00472278148,0.00122950599,-0.100447901,0.994941533],"shapeName":"/levels/west_coast_usa/art/shapes/objects/barrierfence_plain.dae"}
{"name":"Mesh Spline 1_Main_30","class":"TSStatic","__parent":"Mesh Spline 1 - 21c32d8a-0be8-4f41-a7db-4c36b559f2bd","position":[119.951813,-798.581665,139.845245],"isRenderEnabled":false,"rotationMatrix":[-0.00636219978,0.996134937,0.0876054913,-0.999931395,-0.00547587872,-0.0103538893,-0.00983415172,-0.0876653641,0.996101439],"shapeName":"/levels/west_coast_usa/art/shapes/objects/barrierfence_plain.dae"}
{"name":"Mesh Spline 1_Main_31","class":"TSStatic","__parent":"Mesh Spline 1 - 21c32d8a-0be8-4f41-a7db-4c36b559f2bd","position":[120.001839,-801.385132,139.646011],"isRenderEnabled":false,"rotationMatrix":[-0.0453013182,0.996974766,0.0631594583,-0.998946726,-0.045670867,0.00441979803,0.00729097612,-0.0628927127,0.997993648],"shapeName":"/levels/west_coast_usa/art/shapes/objects/barrierfence_plain.dae"}
{"name":"Mesh Spline 1_Main_32","class":"TSStatic","__parent":"Mesh Spline 1 - 21c32d8a-0be8-4f41-a7db-4c36b559f2bd","position":[120.159004,-804.18927,139.527252],"isRenderEnabled":false,"rotationMatrix":[-0.0757550001,0.996635139,0.0312952437,-0.997072756,-0.0760389566,0.00798351411,0.0103363143,-0.0305988453,0.999478281],"shapeName":"/levels/west_coast_usa/art/shapes/objects/barrierfence_plain.dae"}
{"name":"Mesh Spline 1_Main_33","class":"TSStatic","__parent":"Mesh Spline 1 - 21c32d8a-0be8-4f41-a7db-4c36b559f2bd","position":[120.407249,-806.986389,139.401108],"isRenderEnabled":false,"rotationMatrix":[-0.0994778872,0.99346441,0.0559696183,-0.994977772,-0.0999422073,0.00555381924,0.0111112539,-0.0551360399,0.99841702],"shapeName":"/levels/west_coast_usa/art/shapes/objects/barrierfence_plain.dae"}
{"name":"Mesh Spline 1_Main_34","class":"TSStatic","__parent":"Mesh Spline 1 - 21c32d8a-0be8-4f41-a7db-4c36b559f2bd","position":[120.731087,-809.770081,139.177917],"isRenderEnabled":false,"rotationMatrix":[-0.135712266,0.98568064,0.100079298,-0.990671933,-0.136261702,-0.00135683268,0.0122995712,-0.0993298888,0.994978547],"shapeName":"/levels/west_coast_usa/art/shapes/objects/barrierfence_plain.dae"}
{"name":"Mesh Spline 1_Main_35","class":"TSStatic","__parent":"Mesh Spline 1 - 21c32d8a-0be8-4f41-a7db-4c36b559f2bd","position":[121.117439,-812.544189,138.929749],"isRenderEnabled":false,"rotationMatrix":[-0.146433234,0.985450447,0.0862840191,-0.989143789,-0.146950841,-0.000356428325,0.0123282596,-0.0853994936,0.996270537],"shapeName":"/levels/west_coast_usa/art/shapes/objects/barrierfence_plain.dae"}
{"name":"Mesh Spline 1_Main_36","class":"TSStatic","__parent":"Mesh Spline 1 - 21c32d8a-0be8-4f41-a7db-4c36b559f2bd","position":[121.55439,-815.311462,138.687653],"isRenderEnabled":false,"rotationMatrix":[-0.171695352,0.980772674,0.092766434,-0.985127389,-0.171567917,-0.00940657035,0.00669004023,-0.0930018127,0.995643437],"shapeName":"/levels/west_coast_usa/art/shapes/objects/barrierfence_plain.dae"}
{"name":"Mesh Spline 1_Main_37","class":"TSStatic","__parent":"Mesh Spline 1 - 21c32d8a-0be8-4f41-a7db-4c36b559f2bd","position":[122.031158,-818.073486,138.461365],"isRenderEnabled":false,"rotationMatrix":[-0.172124267,0.982043505,0.0772253796,-0.985048413,-0.172168493,-0.00613456592,0.00727137178,-0.077126652,0.996994793],"shapeName":"/levels/west_coast_usa/art/shapes/objects/barrierfence_plain.dae"}
{"name":"Mesh Spline 1_Main_38","class":"TSStatic","__parent":"Mesh Spline 1 - 21c32d8a-0be8-4f41-a7db-4c36b559f2bd","position":[122.537796,-820.831726,138.253647],"isRenderEnabled":false,"rotationMatrix":[-0.178057313,0.980763316,0.0799930096,-0.983722448,-0.179413795,0.0100450553,0.0242036693,-0.076902315,0.996744812],"shapeName":"/levels/west_coast_usa/art/shapes/objects/barrierfence_plain.dae"}
{"name":"Mesh Spline 1_Main_39","class":"TSStatic","__parent":"Mesh Spline 1 - 21c32d8a-0be8-4f41-a7db-4c36b559f2bd","position":[123.070107,-823.587524,138.08757],"isRenderEnabled":false,"rotationMatrix":[-0.196812868,0.97967118,0.0388469771,-0.980301797,-0.197298169,0.00904301368,0.0165236183,-0.0363019779,0.999204278],"shapeName":"/levels/west_coast_usa/art/shapes/objects/barrierfence_plain.dae"}
{"name":"Mesh Spline 1_Main_40","class":"TSStatic","__parent":"Mesh Spline 1 - 21c32d8a-0be8-4f41-a7db-4c36b559f2bd","position":[123.633492,-826.339783,137.964966],"isRenderEnabled":false,"rotationMatrix":[-0.200232029,0.978226125,0.05459534,-0.97955054,-0.201000452,0.00891086459,0.0196905322,-0.0516946577,0.998468816],"shapeName":"/levels/west_coast_usa/art/shapes/objects/barrierfence_plain.dae"}
{"name":"Mesh Spline 1_Main_41","class":"TSStatic","__parent":"Mesh Spline 1 - 21c32d8a-0be8-4f41-a7db-4c36b559f2bd","position":[124.231422,-829.085754,137.870667],"isRenderEnabled":false,"rotationMatrix":[-0.215564609,0.976171553,0.0249207281,-0.976411283,-0.215800166,0.00715593155,0.0123633146,-0.0227903165,0.99966383],"shapeName":"/levels/west_coast_usa/art/shapes/objects/barrierfence_plain.dae"}
{"name":"Mesh Spline 1_Main_42","class":"TSStatic","__parent":"Mesh Spline 1 - 21c32d8a-0be8-4f41-a7db-4c36b559f2bd","position":[124.862335,-831.825745,137.836868],"isRenderEnabled":false,"rotationMatrix":[-0.23189342,0.972685397,0.0104135349,-0.972736061,-0.231913447,0.000741551165,0.00313633471,-0.00995766185,0.999945521],"shapeName":"/levels/west_coast_usa/art/shapes/objects/barrierfence_plain.dae"}
{"name":"Mesh Spline 1_Main_43","class":"TSStatic","__parent":"Mesh Spline 1 - 21c32d8a-0be8-4f41-a7db-4c36b559f2bd","position":[125.52536,-834.558411,137.855164],"isRenderEnabled":false,"rotationMatrix":[-0.250778437,0.967863083,-0.0187403746,-0.967954397,-0.250972152,-0.00878725015,-0.0132081695,0.0159361735,0.999785781],"shapeName":"/levels/west_coast_usa/art/shapes/objects/barrierfence_plain.dae"}
{"name":"Mesh Spline 1_Main_44","class":"TSStatic","__parent":"Mesh Spline 1 - 21c32d8a-0be8-4f41-a7db-4c36b559f2bd","position":[126.220596,-837.282349,137.919388],"isRenderEnabled":false,"rotationMatrix":[-0.249902129,0.967849433,-0.0285733119,-0.968156397,-0.250217915,-0.0080140233,-0.0149059221,0.0256607123,0.999559581],"shapeName":"/levels/west_coast_usa/art/shapes/objects/barrierfence_plain.dae"}
{"name":"Mesh Spline 1_Main_45","class":"TSStatic","__parent":"Mesh Spline 1 - 21c32d8a-0be8-4f41-a7db-4c36b559f2bd","position":[126.949188,-839.996521,138.017593],"isRenderEnabled":false,"rotationMatrix":[-0.268330455,0.962845266,-0.0304603782,-0.963324249,-0.268270731,0.00610690191,-0.00229162537,0.0309818871,0.999517322],"shapeName":"/levels/west_coast_usa/art/shapes/objects/barrierfence_plain.dae"}
{"name":"Mesh Spline 1_Main_46","class":"TSStatic","__parent":"Mesh Spline 1 - 21c32d8a-0be8-4f41-a7db-4c36b559f2bd","position":[127.713242,-842.699463,138.149139],"isRenderEnabled":false,"rotationMatrix":[-0.28019917,0.958199263,-0.0578143895,-0.959700584,-0.280970335,-0.00550470129,-0.0215187315,0.0539420918,0.998312175],"shapeName":"/levels/west_coast_usa/art/shapes/objects/barrierfence_plain.dae"}
{"name":"Mesh Spline 1_Main_47","class":"TSStatic","__parent":"Mesh Spline 1 - 21c32d8a-0be8-4f41-a7db-4c36b559f2bd","position":[128.516098,-845.389709,138.309464],"isRenderEnabled":false,"rotationMatrix":[-0.286522508,0.956247211,-0.0591285974,-0.957996726,-0.2867347,0.00504739955,-0.0121276528,0.0580911972,0.99823761],"shapeName":"/levels/west_coast_usa/art/shapes/objects/barrierfence_plain.dae"}
{"name":"Mesh Spline 1_Main_48","class":"TSStatic","__parent":"Mesh Spline 1 - 21c32d8a-0be8-4f41-a7db-4c36b559f2bd","position":[129.362686,-848.064941,138.491989],"isRenderEnabled":false,"rotationMatrix":[-0.312886477,0.946503818,-0.0789459422,-0.949501812,-0.313758254,0.00142990053,-0.0234165359,0.0754067078,0.996877849],"shapeName":"/levels/west_coast_usa/art/shapes/objects/barrierfence_plain.dae"}
{"name":"Mesh Spline 1_Main_49","class":"TSStatic","__parent":"Mesh Spline 1 - 21c32d8a-0be8-4f41-a7db-4c36b559f2bd","position":[130.260025,-850.72168,138.700455],"isRenderEnabled":false,"rotationMatrix":[-0.336771607,0.937774122,-0.0846431181,-0.941072047,-0.338195443,-0.00265268236,-0.0311135426,0.0787619278,0.996407807],"shapeName":"/levels/west_coast_usa/art/shapes/objects/barrierfence_plain.dae"}
{"name":"Mesh Spline 1_Main_50","class":"TSStatic","__parent":"Mesh Spline 1 - 21c32d8a-0be8-4f41-a7db-4c36b559f2bd","position":[131.217194,-853.356201,138.92366],"isRenderEnabled":false,"rotationMatrix":[-0.346675754,0.935080588,-0.0737581551,-0.937838972,-0.346936107,0.00966317207,-0.0165535249,0.0725232661,0.997229338],"shapeName":"/levels/west_coast_usa/art/shapes/objects/barrierfence_plain.dae"}
{"name":"Mesh Spline 1_Main_51","class":"TSStatic","__parent":"Mesh Spline 1 - 21c32d8a-0be8-4f41-a7db-4c36b559f2bd","position":[132.237442,-855.965393,139.163696],"isRenderEnabled":false,"rotationMatrix":[-0.377793074,0.920981884,-0.0952078924,-0.924971342,-0.379997134,-0.0054895319,-0.0412344858,0.0859906673,0.995442271],"shapeName":"/levels/west_coast_usa/art/shapes/objects/barrierfence_plain.dae"}
{"name":"Mesh Spline 1_Main_52","class":"TSStatic","__parent":"Mesh Spline 1 - 21c32d8a-0be8-4f41-a7db-4c36b559f2bd","position":[133.319168,-858.548035,139.421936],"isRenderEnabled":false,"rotationMatrix":[-0.393121958,0.915351212,-0.0871051326,-0.918842733,-0.394623995,-2.52015889e-05,-0.0343968347,0.0800260156,0.996199131],"shapeName":"/levels/west_coast_usa/art/shapes/objects/barrierfence_plain.dae"}
{"name":"Mesh Spline 1_Main_53","class":"TSStatic","__parent":"Mesh Spline 1 - 21c32d8a-0be8-4f41-a7db-4c36b559f2bd","position":[134.462021,-861.102295,139.696976],"isRenderEnabled":false,"rotationMatrix":[-0.411333919,0.906396091,-0.0961798429,-0.910448849,-0.413601995,-0.00404144078,-0.0434433222,0.0859044418,0.995355785],"shapeName":"/levels/west_coast_usa/art/shapes/objects/barrierfence_plain.dae"}
{"name":"Mesh Spline 1_Main_54","class":"TSStatic","__parent":"Mesh Spline 1 - 21c32d8a-0be8-4f41-a7db-4c36b559f2bd","position":[135.665756,-863.624146,140.008743],"isRenderEnabled":false,"rotationMatrix":[-0.434163213,0.893931091,-0.111308053,-0.899439514,-0.437042117,-0.00163459033,-0.0501075238,0.0994051844,0.993784606],"shapeName":"/levels/west_coast_usa/art/shapes/objects/barrierfence_plain.dae"}
{"name":"Mesh Spline 1_Main_55","class":"TSStatic","__parent":"Mesh Spline 1 - 21c32d8a-0be8-4f41-a7db-4c36b559f2bd","position":[136.931824,-866.109741,140.361191],"isRenderEnabled":false,"rotationMatrix":[-0.470417023,0.873429298,-0.125813276,-0.880668759,-0.473714113,0.00417894498,-0.0559495203,0.11276567,0.992045164],"shapeName":"/levels/west_coast_usa/art/shapes/objects/barrierfence_plain.dae"}
{"name":"Mesh Spline 1_Main_56","class":"TSStatic","__parent":"Mesh Spline 1 - 21c32d8a-0be8-4f41-a7db-4c36b559f2bd","position":[138.264496,-868.556885,140.736526],"isRenderEnabled":false,"rotationMatrix":[-0.490278721,0.862142384,-0.127816975,-0.869494259,-0.493930101,0.00357101485,-0.0600539371,0.112886921,0.991791368],"shapeName":"/levels/west_coast_usa/art/shapes/objects/barrierfence_plain.dae"}
{"name":"Mesh Spline 1_Main_57","class":"TSStatic","__parent":"Mesh Spline 1 - 21c32d8a-0be8-4f41-a7db-4c36b559f2bd","position":[139.6707,-870.961121,141.120087],"isRenderEnabled":false,"rotationMatrix":[-0.51696384,0.845232785,-0.135387734,-0.853294909,-0.521420121,0.0029633902,-0.0680891275,0.117057636,0.990788281],"shapeName":"/levels/west_coast_usa/art/shapes/objects/barrierfence_plain.dae"}
{"name":"Mesh Spline 1_Main_58","class":"TSStatic","__parent":"Mesh Spline 1 - 21c32d8a-0be8-4f41-a7db-4c36b559f2bd","position":[141.174576,-873.305603,141.498322],"isRenderEnabled":false,"rotationMatrix":[-0.549876809,0.825967729,-0.12414927,-0.832485378,-0.554046035,0.00112968683,-0.0678513125,0.103973635,0.9922629],"shapeName":"/levels/west_coast_usa/art/shapes/objects/barrierfence_plain.dae"}
{"name":"Mesh Spline 1_Main_59","class":"TSStatic","__parent":"Mesh Spline 1 - 21c32d8a-0be8-4f41-a7db-4c36b559f2bd","position":[142.794968,-875.57019,141.880554],"isRenderEnabled":false,"rotationMatrix":[-0.603417158,0.784081042,-0.145274386,-0.792037785,-0.610452175,-0.00492090359,-0.0925414562,0.112093434,0.989379168],"shapeName":"/levels/west_coast_usa/art/shapes/objects/barrierfence_plain.dae"}
{"name":"Mesh Spline 1_Main_60","class":"TSStatic","__parent":"Mesh Spline 1 - 21c32d8a-0be8-4f41-a7db-4c36b559f2bd","position":[144.520645,-877.756348,142.261353],"isRenderEnabled":false,"rotationMatrix":[-0.623835087,0.770595789,-0.130429596,-0.777173162,-0.629286408,-0.00074795261,-0.0826539397,0.100899786,0.991457283],"shapeName":"/levels/west_coast_usa/art/shapes/objects/barrierfence_plain.dae"}
{"name":"Mesh Spline 1_Main_61","class":"TSStatic","__parent":"Mesh Spline 1 - 21c32d8a-0be8-4f41-a7db-4c36b559f2bd","position":[146.325119,-879.878784,142.640274],"isRenderEnabled":false,"rotationMatrix":[-0.658963799,0.740783453,-0.130410016,-0.74709022,-0.664722204,-0.00084201619,-0.0873101801,0.096873194,0.991459787],"shapeName":"/levels/west_coast_usa/art/shapes/objects/barrierfence_plain.dae"}
{"name":"Mesh Spline 1_Main_62","class":"TSStatic","__parent":"Mesh Spline 1 - 21c32d8a-0be8-4f41-a7db-4c36b559f2bd","position":[148.195282,-881.940918,143.030426],"isRenderEnabled":false,"rotationMatrix":[-0.679658651,0.718565106,-0.14740485,-0.727022529,-0.68659389,0.00518805534,-0.0974793211,0.110692754,0.989062607],"shapeName":"/levels/west_coast_usa/art/shapes/objects/barrierfence_plain.dae"}
{"name":"Mesh Spline 1_Main_63","class":"TSStatic","__parent":"Mesh Spline 1 - 21c32d8a-0be8-4f41-a7db-4c36b559f2bd","position":[150.150558,-883.922302,143.418137],"isRenderEnabled":false,"rotationMatrix":[-0.708246946,0.693704665,-0.130996555,-0.700123489,-0.714009523,0.00418809801,-0.090627484,0.094679974,0.991373956],"shapeName":"/levels/west_coast_usa/art/shapes/objects/barrierfence_plain.dae"}
{"name":"Mesh Spline 1_Main_64","class":"TSStatic","__parent":"Mesh Spline 1 - 21c32d8a-0be8-4f41-a7db-4c36b559f2bd","position":[391.244293,-914.130066,145.653976],"isRenderEnabled":false,"rotationMatrix":[0.724669814,-0.689088166,-0.0033393139,0.688732445,0.724121213,0.0360023156,-0.0223907009,-0.0283896849,0.999346137],"shapeName":"/levels/west_coast_usa/art/shapes/objects/barrierfence_plain.dae"}
{"name":"Mesh Spline 1_Main_65","class":"TSStatic","__parent":"Mesh Spline 1 - 21c32d8a-0be8-4f41-a7db-4c36b559f2bd","position":[393.273102,-916.076965,145.648453],"isRenderEnabled":false,"rotationMatrix":[0.716159225,-0.697893441,-0.00779441791,0.697741807,0.71565032,0.0316374376,-0.0165014807,-0.0280959327,0.999469042],"shapeName":"/levels/west_coast_usa/art/shapes/objects/barrierfence_plain.dae"}
{"name":"Mesh Spline 1_Main_66","class":"TSStatic","__parent":"Mesh Spline 1 - 21c32d8a-0be8-4f41-a7db-4c36b559f2bd","position":[395.261383,-918.06543,145.633835],"isRenderEnabled":false,"rotationMatrix":[0.703813672,-0.710358441,-0.00610573124,0.709454477,0.702426434,0.0571961254,-0.0363409184,-0.0445871577,0.998344302],"shapeName":"/levels/west_coast_usa/art/shapes/objects/barrierfence_plain.dae"}
{"name":"Mesh Spline 1_Main_67","class":"TSStatic","__parent":"Mesh Spline 1 - 21c32d8a-0be8-4f41-a7db-4c36b559f2bd","position":[397.219788,-920.083252,145.60379],"isRenderEnabled":false,"rotationMatrix":[0.694882989,-0.719093442,-0.00649844669,0.717735291,0.692952812,0.0683553666,-0.0446507782,-0.0521631427,0.997639894],"shapeName":"/levels/west_coast_usa/art/shapes/objects/barrierfence_plain.dae"}
{"name":"Mesh Spline 1_Main_68","class":"TSStatic","__parent":"Mesh Spline 1 - 21c32d8a-0be8-4f41-a7db-4c36b559f2bd","position":[399.145233,-922.132324,145.564102],"isRenderEnabled":false,"rotationMatrix":[0.682223558,-0.731123745,-0.00539628044,0.729773223,0.68047452,0.066223003,-0.044745177,-0.0491169505,0.997790277],"shapeName":"/levels/west_coast_usa/art/shapes/objects/barrierfence_plain.dae"}
{"name":"Mesh Spline 1_Main_69","class":"TSStatic","__parent":"Mesh Spline 1 - 21c32d8a-0be8-4f41-a7db-4c36b559f2bd","position":[401.030792,-924.217834,145.516998],"isRenderEnabled":false,"rotationMatrix":[0.662106037,-0.749350309,-0.00947066396,0.746886849,0.658787847,0.0903245211,-0.0614455491,-0.0668779314,0.995867372],"shapeName":"/levels/west_coast_usa/art/shapes/objects/barrierfence_plain.dae"}
{"name":"Mesh Spline 1_Main_70","class":"TSStatic","__parent":"Mesh Spline 1 - 21c32d8a-0be8-4f41-a7db-4c36b559f2bd","position":[402.865234,-926.348145,145.461975],"isRenderEnabled":false,"rotationMatrix":[0.640938997,-0.76744312,-0.015111398,0.764032662,0.635949731,0.108729228,-0.073833406,-0.0812343955,0.993956566],"shapeName":"/levels/west_coast_usa/art/shapes/objects/barrierfence_plain.dae"}
{"name":"Mesh Spline 1_Main_71","class":"TSStatic","__parent":"Mesh Spline 1 - 21c32d8a-0be8-4f41-a7db-4c36b559f2bd","position":[404.62854,-928.53656,145.387497],"isRenderEnabled":false,"rotationMatrix":[0.62044853,-0.783274233,-0.0390529856,0.780308306,0.611581802,0.130715922,-0.0785023049,-0.111575872,0.990650415],"shapeName":"/levels/west_coast_usa/art/shapes/objects/barrierfence_plain.dae"}
{"name":"Mesh Spline 1_Main_72","class":"TSStatic","__parent":"Mesh Spline 1 - 21c32d8a-0be8-4f41-a7db-4c36b559f2bd","position":[406.2948,-930.797852,145.277908],"isRenderEnabled":false,"rotationMatrix":[0.56589967,-0.823129237,-0.0470736548,0.82115978,0.557590961,0.121609613,-0.0738525763,-0.107473835,0.991461158],"shapeName":"/levels/west_coast_usa/art/shapes/objects/barrierfence_plain.dae"}
{"name":"Mesh Spline 1_Main_73","class":"TSStatic","__parent":"Mesh Spline 1 - 21c32d8a-0be8-4f41-a7db-4c36b559f2bd","position":[407.860138,-933.12915,145.143616],"isRenderEnabled":false,"rotationMatrix":[0.533940554,-0.843607068,-0.0568732992,0.841828465,0.524123788,0.128914878,-0.0789448544,-0.116710447,0.990023434],"shapeName":"/levels/west_coast_usa/art/shapes/objects/barrierfence_plain.dae"}
{"name":"Mesh Spline 1_Main_74","class":"TSStatic","__parent":"Mesh Spline 1 - 21c32d8a-0be8-4f41-a7db-4c36b559f2bd","position":[409.241302,-935.567505,145.00563],"isRenderEnabled":false,"rotationMatrix":[0.449115276,-0.892399311,-0.0438066944,0.887507558,0.439923108,0.137105986,-0.103081696,-0.100455165,0.989587247],"shapeName":"/levels/west_coast_usa/art/shapes/objects/barrierfence_plain.dae"}
{"name":"Mesh Spline 1_Main_75","class":"TSStatic","__parent":"Mesh Spline 1 - 21c32d8a-0be8-4f41-a7db-4c36b559f2bd","position":[410.171021,-938.189514,144.86731],"isRenderEnabled":false,"rotationMatrix":[0.212086558,-0.976379216,-0.0412666202,0.969326913,0.204812706,0.135856569,-0.124195606,-0.0688141957,0.989868701],"shapeName":"/levels/west_coast_usa/art/shapes/objects/barrierfence_plain.dae"}
{"name":"Mesh Spline 1_Main_76","class":"TSStatic","__parent":"Mesh Spline 1 - 21c32d8a-0be8-4f41-a7db-4c36b559f2bd","position":[410.387604,-940.950134,144.695541],"isRenderEnabled":false,"rotationMatrix":[-0.0569337606,-0.996143579,-0.0667563677,0.98829782,-0.0657104254,0.137657121,-0.141512856,-0.0581378154,0.988227785],"shapeName":"/levels/west_coast_usa/art/shapes/objects/barrierfence_plain.dae"}
{"name":"Mesh Spline 1_Main_77","class":"TSStatic","__parent":"Mesh Spline 1 - 21c32d8a-0be8-4f41-a7db-4c36b559f2bd","position":[409.964813,-943.707092,144.478653],"isRenderEnabled":false,"rotationMatrix":[-0.239135742,-0.967695594,-0.0798713267,0.960469007,-0.247817993,0.1268287,-0.142525122,-0.0463846698,0.988703728],"shapeName":"/levels/west_coast_usa/art/shapes/objects/barrierfence_plain.dae"}
{"name":"Mesh Spline 1_Main_78","class":"TSStatic","__parent":"Mesh Spline 1 - 21c32d8a-0be8-4f41-a7db-4c36b559f2bd","position":[409.118866,-946.371948,144.285187],"isRenderEnabled":false,"rotationMatrix":[-0.370087504,-0.927396894,-0.0544998683,0.916690111,-0.374073267,0.140529215,-0.15071331,0.00204861909,0.988575399],"shapeName":"/levels/west_coast_usa/art/shapes/objects/barrierfence_plain.dae"}
{"name":"Mesh Spline 1_Main_79","class":"TSStatic","__parent":"Mesh Spline 1 - 21c32d8a-0be8-4f41-a7db-4c36b559f2bd","position":[407.843689,-948.853699,144.1409],"isRenderEnabled":false,"rotationMatrix":[-0.546006322,-0.836894274,-0.0385376923,0.825411677,-0.545250654,0.146277905,-0.143431842,0.0480592027,0.988492608],"shapeName":"/levels/west_coast_usa/art/shapes/objects/barrierfence_plain.dae"}
{"name":"Mesh Spline 1_Main_80","class":"TSStatic","__parent":"Mesh Spline 1 - 21c32d8a-0be8-4f41-a7db-4c36b559f2bd","position":[406.071014,-951.001099,144.009293],"isRenderEnabled":false,"rotationMatrix":[-0.727054477,-0.684638739,-0.0515923761,0.676038146,-0.72698462,0.120274618,-0.119851515,0.0525677688,0.991399109],"shapeName":"/levels/west_coast_usa/art/shapes/objects/barrierfence_plain.dae"}
{"name":"Mesh Spline 1_Main_81","class":"TSStatic","__parent":"Mesh Spline 1 - 21c32d8a-0be8-4f41-a7db-4c36b559f2bd","position":[403.923004,-952.796509,143.873352],"isRenderEnabled":false,"rotationMatrix":[-0.804315567,-0.592061222,-0.0503994972,0.579236686,-0.800148726,0.155714482,-0.132519588,0.0960503444,0.986515522],"shapeName":"/levels/west_coast_usa/art/shapes/objects/barrierfence_plain.dae"}
{"name":"Mesh Spline 1_Main_82","class":"TSStatic","__parent":"Mesh Spline 1 - 21c32d8a-0be8-4f41-a7db-4c36b559f2bd","position":[401.606476,-954.382141,143.740265],"isRenderEnabled":false,"rotationMatrix":[-0.837093234,-0.544818521,-0.0494734347,0.531028628,-0.830965519,0.165845603,-0.131466493,0.112556428,0.984909952],"shapeName":"/levels/west_coast_usa/art/shapes/objects/barrierfence_plain.dae"}
{"name":"Mesh Spline 1_Main_83","class":"TSStatic","__parent":"Mesh Spline 1 - 21c32d8a-0be8-4f41-a7db-4c36b559f2bd","position":[399.173767,-955.777283,143.613831],"isRenderEnabled":false,"rotationMatrix":[-0.892619133,-0.448832721,-0.0421957374,0.43938306,-0.887112617,0.141328663,-0.10086529,0.107612565,0.989063084],"shapeName":"/levels/west_coast_usa/art/shapes/objects/barrierfence_plain.dae"}
{"name":"Mesh Spline 1_Main_84","class":"TSStatic","__parent":"Mesh Spline 1 - 21c32d8a-0be8-4f41-a7db-4c36b559f2bd","position":[396.60321,-956.891785,143.469452],"isRenderEnabled":false,"rotationMatrix":[-0.938896179,-0.340648621,-0.0493205264,0.332279474,-0.934409618,0.128332183,-0.0898017511,0.104102395,0.990504086],"shapeName":"/levels/west_coast_usa/art/shapes/objects/barrierfence_plain.dae"}
{"name":"Mesh Spline 1_Main_85","class":"TSStatic","__parent":"Mesh Spline 1 - 21c32d8a-0be8-4f41-a7db-4c36b559f2bd","position":[393.929016,-957.734924,143.308472],"isRenderEnabled":false,"rotationMatrix":[-0.963699818,-0.262476385,-0.0488736033,0.257885754,-0.96250701,0.0841132924,-0.0691189468,0.0684561655,0.995256901],"shapeName":"/levels/west_coast_usa/art/shapes/objects/barrierfence_plain.dae"}
{"name":"Mesh Spline 1_Main_86","class":"TSStatic","__parent":"Mesh Spline 1 - 21c32d8a-0be8-4f41-a7db-4c36b559f2bd","position":[391.195587,-958.367981,143.156219],"isRenderEnabled":false,"rotationMatrix":[-0.979817867,-0.195571586,-0.0413375311,0.195624575,-0.980674863,0.0027990099,-0.0410860814,-0.00534411706,0.999141335],"shapeName":"/levels/west_coast_usa/art/shapes/objects/barrierfence_plain.dae"}
{"name":"Mesh Spline 1_Main_87","class":"TSStatic","__parent":"Mesh Spline 1 - 21c32d8a-0be8-4f41-a7db-4c36b559f2bd","position":[388.42746,-958.832275,143.006149],"isRenderEnabled":false,"rotationMatrix":[-0.988936186,-0.136875033,-0.057186909,0.129656911,-0.984859824,0.115066387,-0.0720707998,0.106378637,0.991710305],"shapeName":"/levels/west_coast_usa/art/shapes/objects/barrierfence_plain.dae"}
{"name":"Mesh Spline 1_Main_88","class":"TSStatic","__parent":"Mesh Spline 1 - 21c32d8a-0be8-4f41-a7db-4c36b559f2bd","position":[385.637939,-959.145203,142.861679],"isRenderEnabled":false,"rotationMatrix":[-0.995509386,-0.0839777216,-0.0436882637,0.0842585042,-0.996433139,-0.00462257257,-0.0431442447,-0.00828292221,0.999034524],"shapeName":"/levels/west_coast_usa/art/shapes/objects/barrierfence_plain.dae"}
{"name":"Mesh Spline 1_Main_89","class":"TSStatic","__parent":"Mesh Spline 1 - 21c32d8a-0be8-4f41-a7db-4c36b559f2bd","position":[382.837799,-959.313538,142.687424],"isRenderEnabled":false,"rotationMatrix":[-0.996775746,-0.0367732868,-0.0713156313,0.0364201143,-0.999317169,0.00624667713,-0.0714966357,0.00362921273,0.997434258],"shapeName":"/levels/west_coast_usa/art/shapes/objects/barrierfence_plain.dae"}
{"name":"Mesh Spline 1_Main_90","class":"TSStatic","__parent":"Mesh Spline 1 - 21c32d8a-0be8-4f41-a7db-4c36b559f2bd","position":[380.033905,-959.373657,142.490845],"isRenderEnabled":false,"rotationMatrix":[-0.998369217,-0.0149047403,-0.0551076345,0.0193574652,-0.996512175,-0.081171006,-0.0537055992,-0.0821053684,0.9951756],"shapeName":"/levels/west_coast_usa/art/shapes/objects/barrierfence_plain.dae"}
{"name":"Mesh Spline 1_Main_91","class":"TSStatic","__parent":"Mesh Spline 1 - 21c32d8a-0be8-4f41-a7db-4c36b559f2bd","position":[377.226471,-959.370361,142.333771],"isRenderEnabled":false,"rotationMatrix":[-0.998657823,0.00299081532,-0.0517062806,0.00173735095,-0.995834947,-0.0911567733,-0.0517635606,-0.0911242589,0.994493306],"shapeName":"/levels/west_coast_usa/art/shapes/objects/barrierfence_plain.dae"}
{"name":"Mesh Spline 1_Main_92","class":"TSStatic","__parent":"Mesh Spline 1 - 21c32d8a-0be8-4f41-a7db-4c36b559f2bd","position":[374.418335,-959.335022,142.188751],"isRenderEnabled":false,"rotationMatrix":[-0.997961044,0.00735662831,-0.0634008199,-0.00845429115,-0.999818683,0.0170622207,-0.0632638037,0.0175634399,0.997842252],"shapeName":"/levels/west_coast_usa/art/shapes/objects/barrierfence_plain.dae"}
{"name":"Mesh Spline 1_Main_93","class":"TSStatic","__parent":"Mesh Spline 1 - 21c32d8a-0be8-4f41-a7db-4c36b559f2bd","position":[371.611664,-959.291504,142.019653],"isRenderEnabled":false,"rotationMatrix":[-0.997810721,0.0120498501,-0.0650278702,-0.0115291085,-0.999898553,-0.00837729871,-0.0651222095,-0.00760924444,0.997848272],"shapeName":"/levels/west_coast_usa/art/shapes/objects/barrierfence_plain.dae"}
{"name":"Mesh Spline 1_Main_94","class":"TSStatic","__parent":"Mesh Spline 1 - 21c32d8a-0be8-4f41-a7db-4c36b559f2bd","position":[368.805725,-959.259033,141.835342],"isRenderEnabled":false,"rotationMatrix":[-0.997270703,-0.000916048943,-0.0738254413,-0.001223261,-0.999580622,0.0289275274,-0.0738209859,0.0289388858,0.996851563],"shapeName":"/levels/west_coast_usa/art/shapes/objects/barrierfence_plain.dae"}
{"name":"Mesh Spline 1_Main_95","class":"TSStatic","__parent":"Mesh Spline 1 - 21c32d8a-0be8-4f41-a7db-4c36b559f2bd","position":[365.999329,-959.253662,141.656067],"isRenderEnabled":false,"rotationMatrix":[-0.997953057,-0.00602614321,-0.0636648685,0.00470835343,-0.999771833,0.0208286457,-0.0637758672,0.0204862542,0.997753978],"shapeName":"/levels/west_coast_usa/art/shapes/objects/barrierfence_plain.dae"}
{"name":"Mesh Spline 1_Main_96","class":"TSStatic","__parent":"Mesh Spline 1 - 21c32d8a-0be8-4f41-a7db-4c36b559f2bd","position":[363.192566,-959.275024,141.483475],"isRenderEnabled":false,"rotationMatrix":[-0.998184443,-0.00474537583,-0.0600428246,0.00453163451,-0.999982834,0.00369547843,-0.0600593351,0.00341667724,0.998188972],"shapeName":"/levels/west_coast_usa/art/shapes/objects/barrierfence_plain.dae"}
{"name":"Mesh Spline 1_Main_97","class":"TSStatic","__parent":"Mesh Spline 1 - 21c32d8a-0be8-4f41-a7db-4c36b559f2bd","position":[360.385529,-959.30957,141.316895],"isRenderEnabled":false,"rotationMatrix":[-0.998530984,-0.0150672253,-0.0520461388,0.0165945347,-0.999440551,-0.0290389005,-0.0515794866,-0.0298599247,0.998222411],"shapeName":"/levels/west_coast_usa/art/shapes/objects/barrierfence_plain.dae"}
{"name":"Mesh Spline 1_Main_98","class":"TSStatic","__parent":"Mesh Spline 1 - 21c32d8a-0be8-4f41-a7db-4c36b559f2bd","position":[357.578125,-959.349487,141.158295],"isRenderEnabled":false,"rotationMatrix":[-0.998453498,-0.0207887664,-0.0515605882,0.0196984895,-0.999573469,0.0215644184,-0.0519868881,0.0205154028,0.998437047],"shapeName":"/levels/west_coast_usa/art/shapes/objects/barrierfence_plain.dae"}
{"name":"Mesh Spline 1_Main_99","class":"TSStatic","__parent":"Mesh Spline 1 - 21c32d8a-0be8-4f41-a7db-4c36b559f2bd","position":[354.770264,-959.391479,141.008347],"isRenderEnabled":false,"rotationMatrix":[-0.998664856,-0.017885983,-0.0484617203,0.0168213286,-0.999610066,0.0222885218,-0.0488414764,0.0214435738,0.998576343],"shapeName":"/levels/west_coast_usa/art/shapes/objects/barrierfence_plain.dae"}
