{"class":"TSStatic","__parent":"Mud_Drag_1","position":[538.432251,-469.986328,154.48793],"isRenderEnabled":false,"rotationMatrix":[-0.451660752,0.892190218,0,-0.892190218,-0.451660752,0,0,0,1],"shapeName":"/levels/west_coast_usa/art/shapes/objects/featherflag_beamng.dae","useInstanceRenderData":true}
{"class":"DecalRoad","persistentId":"dcdf134e-dab6-48f6-bc54-4cfcf138c3b4","__parent":"Mud_Drag_1","position":[537.81842,-469.351257,152.386368],"improvedSpline":true,"material":"spraypaint_mark","nodes":[[537.81842,-469.351257,152.386368,0.5],[533.393677,-458.582703,152.386368,0.5]],"startEndFade":[3,3]}
{"name":"mudDrag1","class":"DecalRoad","persistentId":"2fbe97af-ef5e-4ed3-af39-7781d3a21072","__parent":"Mud_Drag_1","position":[535.637329,-464.275726,152.386368],"improvedSpline":true,"material":"road_invisible","nodes":[[535.637329,-464.275726,152.386368,10],[568.469604,-449.921631,152.386368,10],[625.87854,-425.907928,152.386368,10],[708.151794,-389.550873,152.420135,10]]}
{"name":"fre_finish_mudDrag1","class":"BeamNGTrigger","__parent":"Mud_Drag_1","position":[705.687988,-391.581482,154.390045],"luaFunction":"onBeamNGTrigger","rotationMatrix":[-0.379329681,0.925222456,0.00848614983,-0.923888147,-0.379250288,0.0509852841,0.0503911152,0.0114999916,0.998663366],"scale":[13.340394,1.70973086,5.43977737],"triggerMode":"Overlaps"}
{"name":"fre_start_mudDrag1asset0","class":"DecalRoad","persistentId":"4e4df6f5-12d3-4a6d-b190-2ff5a4408893","__parent":"Mud_Drag_1","position":[708.446777,-398.012726,152.386368],"hidden":true,"improvedSpline":true,"material":"spraypaint_mark","nodes":[[708.446777,-398.012726,152.386368,0.5],[703.072754,-385.356445,152.386368,0.5]],"startEndFade":[3,3]}
{"class":"TSStatic","__parent":"Mud_Drag_1","position":[533.170227,-457.922638,154.464493],"isRenderEnabled":false,"rotationMatrix":[0.369894981,-0.929073751,0,0.929073751,0.369894981,0,0,0,1],"shapeName":"/levels/west_coast_usa/art/shapes/objects/featherflag_beamng.dae","useInstanceRenderData":true}
{"name":"fre_start_mudDrag1","class":"BeamNGTrigger","__parent":"Mud_Drag_1","position":[535.910583,-464.002533,153.449524],"luaFunction":"onBeamNGTrigger","rotationMatrix":[0.386869311,-0.922134638,-3.35276127e-08,0.921104074,0.386436939,-0.0472647101,0.0435844325,0.0182852373,0.998882413],"scale":[12.1726093,1,4.90749168],"triggerMode":"Overlaps"}
{"name":"fre_staging_mudDrag1","class":"BeamNGTrigger","__parent":"Mud_Drag_1","position":[535.142151,-464.283936,153.449524],"luaFunction":"onBeamNGTrigger","rotationMatrix":[0.386869311,-0.922134638,-3.35276127e-08,0.921104074,0.386436939,-0.0472647101,0.0435844325,0.0182852373,0.998882413],"scale":[12.1726093,1,4.90749168],"triggerMode":"Overlaps"}
