{"name":"Mesh Spline 7_Main_1","class":"TSStatic","__parent":"Mesh Spline 7","position":[232.497086,-844.229248,144.585327],"isRenderEnabled":false,"rotationMatrix":[0.950038433,-0.309032232,0.0438862257,0.309533685,0.950875521,-0.00496081589,-0.0401972868,0.0182972308,0.999024212],"shapeName":"/levels/west_coast_usa/art/shapes/objects/barrierfence_plain.dae"}
{"name":"Mesh Spline 7_Main_2","class":"TSStatic","__parent":"Mesh Spline 7","position":[235.173431,-845.087158,144.682434],"isRenderEnabled":false,"rotationMatrix":[0.952652037,-0.302690178,0.0288567059,0.302728504,0.953071654,0.00313671003,-0.0284519605,0.00574755389,0.999578655],"shapeName":"/levels/west_coast_usa/art/shapes/objects/barrierfence_plain.dae"}
{"name":"Mesh Spline 7_Main_3","class":"TSStatic","__parent":"Mesh Spline 7","position":[237.852249,-845.938171,144.772247],"isRenderEnabled":false,"rotationMatrix":[0.955486178,-0.292577356,0.0380087309,0.29285267,0.956155956,-0.00176568562,-0.0358256735,0.0128180478,0.999275863],"shapeName":"/levels/west_coast_usa/art/shapes/objects/barrierfence_plain.dae"}
{"name":"Mesh Spline 7_Main_4","class":"TSStatic","__parent":"Mesh Spline 7","position":[240.534653,-846.778198,144.857651],"isRenderEnabled":false,"rotationMatrix":[0.956633568,-0.290108442,0.0262541678,0.290440977,0.956842661,-0.00980745256,-0.0222758818,0.0170074236,0.999607205],"shapeName":"/levels/west_coast_usa/art/shapes/objects/barrierfence_plain.dae"}
{"name":"Mesh Spline 7_Main_5","class":"TSStatic","__parent":"Mesh Spline 7","position":[243.220001,-847.609009,144.940292],"isRenderEnabled":false,"rotationMatrix":[0.955919564,-0.29179284,0.0327821076,0.292236954,0.956297934,-0.00958169717,-0.0285535902,0.0187394768,0.99941659],"shapeName":"/levels/west_coast_usa/art/shapes/objects/barrierfence_plain.dae"}
{"name":"Mesh Spline 7_Main_6","class":"TSStatic","__parent":"Mesh Spline 7","position":[245.906281,-848.437683,145.014816],"isRenderEnabled":false,"rotationMatrix":[0.954918206,-0.296120673,0.0210647024,0.296174794,0.955133557,0.000574586447,-0.0202897526,0.00569015136,0.999777973],"shapeName":"/levels/west_coast_usa/art/shapes/objects/barrierfence_plain.dae"}
{"name":"Mesh Spline 7_Main_7","class":"TSStatic","__parent":"Mesh Spline 7","position":[248.593491,-849.263733,145.083786],"isRenderEnabled":false,"rotationMatrix":[0.957666516,-0.286763221,0.0253321584,0.286998719,0.957911313,-0.00613256404,-0.0225073677,0.0131432489,0.999660254],"shapeName":"/levels/west_coast_usa/art/shapes/objects/barrierfence_plain.dae"}
{"name":"Mesh Spline 7_Main_8","class":"TSStatic","__parent":"Mesh Spline 7","position":[251.28299,-850.082764,145.147614],"isRenderEnabled":false,"rotationMatrix":[0.956227124,-0.291398019,0.0267740414,0.291582733,0.956540287,-0.00318825571,-0.0246813968,0.0108555444,0.999636412],"shapeName":"/levels/west_coast_usa/art/shapes/objects/barrierfence_plain.dae"}
{"name":"Mesh Spline 7_Main_9","class":"TSStatic","__parent":"Mesh Spline 7","position":[253.976105,-850.890625,145.200073],"isRenderEnabled":false,"rotationMatrix":[0.95802319,-0.286526263,0.00970776659,0.286466658,0.95806402,0.00708450424,-0.0113305589,-0.00400616741,0.999927759],"shapeName":"/levels/west_coast_usa/art/shapes/objects/barrierfence_plain.dae"}
{"name":"Mesh Spline 7_Main_10","class":"TSStatic","__parent":"Mesh Spline 7","position":[256.673889,-851.68335,145.242477],"isRenderEnabled":false,"rotationMatrix":[0.962804735,-0.270102352,0.0071911402,0.270032495,0.96280551,0.0093802372,-0.0094572939,-0.00708949519,0.999930143],"shapeName":"/levels/west_coast_usa/art/shapes/objects/barrierfence_plain.dae"}
{"name":"Mesh Spline 7_Main_11","class":"TSStatic","__parent":"Mesh Spline 7","position":[259.377472,-852.45636,145.279297],"isRenderEnabled":false,"rotationMatrix":[0.96074307,-0.277264148,0.00986606814,0.277334005,0.960751057,-0.00657464704,-0.00765592186,0.00905274227,0.999929726],"shapeName":"/levels/west_coast_usa/art/shapes/objects/barrierfence_plain.dae"}
{"name":"Mesh Spline 7_Main_12","class":"TSStatic","__parent":"Mesh Spline 7","position":[262.088104,-853.204346,145.309723],"isRenderEnabled":false,"rotationMatrix":[0.962995172,-0.269148111,0.0141274445,0.269081652,0.963095784,0.00644789403,-0.0153415203,-0.00240785489,0.99987942],"shapeName":"/levels/west_coast_usa/art/shapes/objects/barrierfence_plain.dae"}
{"name":"Mesh Spline 7_Main_13","class":"TSStatic","__parent":"Mesh Spline 7","position":[264.807831,-853.918701,145.335754],"isRenderEnabled":false,"rotationMatrix":[0.969552338,-0.244246885,0.0176557433,0.244222835,0.969712675,0.00353855174,-0.0179852787,0.000881124754,0.999837875],"shapeName":"/levels/west_coast_usa/art/shapes/objects/barrierfence_plain.dae"}
{"name":"Mesh Spline 7_Main_14","class":"TSStatic","__parent":"Mesh Spline 7","position":[267.537537,-854.593933,145.358673],"isRenderEnabled":false,"rotationMatrix":[0.971497238,-0.236468494,0.0166065861,0.236628413,0.971563816,-0.00840746704,-0.0141462572,0.0120974211,0.999826729],"shapeName":"/levels/west_coast_usa/art/shapes/objects/barrierfence_plain.dae"}
{"name":"Mesh Spline 7_Main_15","class":"TSStatic","__parent":"Mesh Spline 7","position":[270.275452,-855.235291,145.381287],"isRenderEnabled":false,"rotationMatrix":[0.976459682,-0.215554968,0.0079094898,0.215597406,0.976469696,-0.00496755727,-0.00665259548,0.00655588508,0.999956369],"shapeName":"/levels/west_coast_usa/art/shapes/objects/barrierfence_plain.dae"}
{"name":"Mesh Spline 7_Main_16","class":"TSStatic","__parent":"Mesh Spline 7","position":[273.018646,-855.853882,145.401016],"isRenderEnabled":false,"rotationMatrix":[0.976069808,-0.216983318,0.0143513856,0.216897458,0.976167023,0.00730906893,-0.0155952955,-0.00402138289,0.9998703],"shapeName":"/levels/west_coast_usa/art/shapes/objects/barrierfence_plain.dae"}
{"name":"Mesh Spline 7_Main_17","class":"TSStatic","__parent":"Mesh Spline 7","position":[275.764404,-856.461243,145.41713],"isRenderEnabled":false,"rotationMatrix":[0.975040197,-0.221937716,0.00634159055,0.221963733,0.975047767,-0.00373871648,-0.0053535914,0.00505300192,0.99997288],"shapeName":"/levels/west_coast_usa/art/shapes/objects/barrierfence_plain.dae"}
{"name":"Mesh Spline 7_Main_18","class":"TSStatic","__parent":"Mesh Spline 7","position":[278.510162,-857.068665,145.43132],"isRenderEnabled":false,"rotationMatrix":[0.974466324,-0.224400654,0.00772484485,0.224346474,0.974482179,0.00729308743,-0.00916429702,-0.00537382625,0.999943554],"shapeName":"/levels/west_coast_usa/art/shapes/objects/barrierfence_plain.dae"}
{"name":"Mesh Spline 7_Main_19","class":"TSStatic","__parent":"Mesh Spline 7","position":[281.25351,-857.68689,145.444351],"isRenderEnabled":false,"rotationMatrix":[0.97422111,-0.22558853,0.00173533708,0.22559464,0.974206924,-0.00528440438,-0.00049847638,0.00553966127,0.999984503],"shapeName":"/levels/west_coast_usa/art/shapes/objects/barrierfence_plain.dae"}
{"name":"Mesh Spline 7_Main_20","class":"TSStatic","__parent":"Mesh Spline 7","position":[283.992126,-858.325562,145.460419],"isRenderEnabled":false,"rotationMatrix":[0.974753916,-0.222741261,0.0155286444,0.222866997,0.974824607,-0.00687973993,-0.0136053031,0.010166876,0.999855757],"shapeName":"/levels/west_coast_usa/art/shapes/objects/barrierfence_plain.dae"}
{"name":"Mesh Spline 7_Main_21","class":"TSStatic","__parent":"Mesh Spline 7","position":[286.724548,-858.990234,145.473648],"isRenderEnabled":false,"rotationMatrix":[0.968197107,-0.250126809,0.00555681996,0.250155658,0.968191147,-0.00529403519,-0.00405588374,0.00651573949,0.999970555],"shapeName":"/levels/west_coast_usa/art/shapes/objects/barrierfence_plain.dae"}
{"name":"Mesh Spline 7_Main_22","class":"TSStatic","__parent":"Mesh Spline 7","position":[289.452515,-859.673279,145.486725],"isRenderEnabled":false,"rotationMatrix":[0.970615029,-0.240506068,0.00795375928,0.240577593,0.970580816,-0.00976518542,-0.00537117943,0.0113917328,0.999920666],"shapeName":"/levels/west_coast_usa/art/shapes/objects/barrierfence_plain.dae"}
{"name":"Mesh Spline 7_Main_23","class":"TSStatic","__parent":"Mesh Spline 7","position":[292.178436,-860.364258,145.502731],"isRenderEnabled":false,"rotationMatrix":[0.966751218,-0.255710661,-0.00205059675,0.255717576,0.966740847,0.00454915874,0.000819127425,-0.00492227823,0.999987543],"shapeName":"/levels/west_coast_usa/art/shapes/objects/barrierfence_plain.dae"}
{"name":"Mesh Spline 7_Main_24","class":"TSStatic","__parent":"Mesh Spline 7","position":[294.902618,-861.062012,145.518723],"isRenderEnabled":false,"rotationMatrix":[0.970562279,-0.240849838,0.000503461459,0.240850374,0.970560491,-0.00186768058,-3.88092303e-05,0.00193395908,0.999998152],"shapeName":"/levels/west_coast_usa/art/shapes/objects/barrierfence_plain.dae"}
{"name":"Mesh Spline 7_Main_25","class":"TSStatic","__parent":"Mesh Spline 7","position":[297.625031,-861.766724,145.536514],"isRenderEnabled":false,"rotationMatrix":[0.965466619,-0.260493934,0.00413267082,0.26048404,0.965474129,0.00277869729,-0.00471382076,-0.00160624459,0.999987602],"shapeName":"/levels/west_coast_usa/art/shapes/objects/barrierfence_plain.dae"}
{"name":"Mesh Spline 7_Main_26","class":"TSStatic","__parent":"Mesh Spline 7","position":[300.345459,-862.47876,145.558502],"isRenderEnabled":false,"rotationMatrix":[0.968559802,-0.248227134,0.0165902842,0.248339787,0.968659639,-0.00508228131,-0.0148087796,0.00904252101,0.999849439],"shapeName":"/levels/west_coast_usa/art/shapes/objects/barrierfence_plain.dae"}
{"name":"Mesh Spline 7_Main_27","class":"TSStatic","__parent":"Mesh Spline 7","position":[303.063782,-863.198853,145.584183],"isRenderEnabled":false,"rotationMatrix":[0.967930496,-0.25075683,0.0152163263,0.25064519,0.968038321,0.00887797959,-0.0169562008,-0.00477936817,0.99984479],"shapeName":"/levels/west_coast_usa/art/shapes/objects/barrierfence_plain.dae"}
{"name":"Mesh Spline 7_Main_28","class":"TSStatic","__parent":"Mesh Spline 7","position":[305.779633,-863.927795,145.615768],"isRenderEnabled":false,"rotationMatrix":[0.9664886,-0.256482095,0.0108056618,0.256482214,0.966547966,0.00139643892,-0.0108023519,0.00142181816,0.999940634],"shapeName":"/levels/west_coast_usa/art/shapes/objects/barrierfence_plain.dae"}
{"name":"Mesh Spline 7_Main_29","class":"TSStatic","__parent":"Mesh Spline 7","position":[308.492676,-864.666992,145.652328],"isRenderEnabled":false,"rotationMatrix":[0.965717494,-0.259010822,0.0174091924,0.259155065,0.965813339,-0.00657484215,-0.0151110757,0.0108611202,0.999826849],"shapeName":"/levels/west_coast_usa/art/shapes/objects/barrierfence_plain.dae"}
{"name":"Mesh Spline 7_Main_30","class":"TSStatic","__parent":"Mesh Spline 7","position":[311.202362,-865.418274,145.691452],"isRenderEnabled":false,"rotationMatrix":[0.965337634,-0.260835826,0.00937664043,0.26077801,0.965373755,0.00695658894,-0.0108664902,-0.00427023554,0.999931812],"shapeName":"/levels/west_coast_usa/art/shapes/objects/barrierfence_plain.dae"}
{"name":"Mesh Spline 7_Main_31","class":"TSStatic","__parent":"Mesh Spline 7","position":[313.907837,-866.184387,145.733139],"isRenderEnabled":false,"rotationMatrix":[0.963198483,-0.268559694,0.0111521827,0.268636823,0.963222325,-0.00608676486,-0.00910737086,0.00885864999,0.999919295],"shapeName":"/levels/west_coast_usa/art/shapes/objects/barrierfence_plain.dae"}
{"name":"Mesh Spline 7_Main_32","class":"TSStatic","__parent":"Mesh Spline 7","position":[316.609528,-866.963928,145.773849],"isRenderEnabled":false,"rotationMatrix":[0.960865676,-0.276905239,0.0077887415,0.276968539,0.960839152,-0.00874861144,-0.00506119104,0.010563476,0.999931395],"shapeName":"/levels/west_coast_usa/art/shapes/objects/barrierfence_plain.dae"}
{"name":"Mesh Spline 7_Main_33","class":"TSStatic","__parent":"Mesh Spline 7","position":[319.310303,-867.746643,145.813232],"isRenderEnabled":false,"rotationMatrix":[0.959418058,-0.281072259,0.0227023717,0.281267047,0.959611833,-0.00583181484,-0.020146301,0.0119805764,0.999725282],"shapeName":"/levels/west_coast_usa/art/shapes/objects/barrierfence_plain.dae"}
{"name":"Mesh Spline 7_Main_34","class":"TSStatic","__parent":"Mesh Spline 7","position":[322.010071,-868.532776,145.852371],"isRenderEnabled":false,"rotationMatrix":[0.961903751,-0.273276448,0.00782157108,0.273289204,0.961931765,-0.000588381779,-0.0073630265,0.00270351721,0.999969244],"shapeName":"/levels/west_coast_usa/art/shapes/objects/barrierfence_plain.dae"}
{"name":"Mesh Spline 7_Main_35","class":"TSStatic","__parent":"Mesh Spline 7","position":[324.703857,-869.339172,145.887894],"isRenderEnabled":false,"rotationMatrix":[0.956077278,-0.29301846,0.00751493685,0.293028116,0.956103802,-0.000190944062,-0.00712910946,0.00238464493,0.999971747],"shapeName":"/levels/west_coast_usa/art/shapes/objects/barrierfence_plain.dae"}
{"name":"Mesh Spline 7_Main_36","class":"TSStatic","__parent":"Mesh Spline 7","position":[327.385315,-870.185486,145.917038],"isRenderEnabled":false,"rotationMatrix":[0.953383982,-0.301693618,0.00631908514,0.301640928,0.953387201,0.00810147543,-0.00846869871,-0.00581772253,0.99994719],"shapeName":"/levels/west_coast_usa/art/shapes/objects/barrierfence_plain.dae"}
{"name":"Mesh Spline 7_Main_37","class":"TSStatic","__parent":"Mesh Spline 7","position":[330.047394,-871.090759,145.939484],"isRenderEnabled":false,"rotationMatrix":[0.941345215,-0.337444663,0.000551802572,0.337435007,0.941328466,0.00619128672,-0.00260864431,-0.00564194052,0.999980688],"shapeName":"/levels/west_coast_usa/art/shapes/objects/barrierfence_plain.dae"}
{"name":"Mesh Spline 7_Main_38","class":"TSStatic","__parent":"Mesh Spline 7","position":[332.683228,-872.06958,145.955795],"isRenderEnabled":false,"rotationMatrix":[0.929741204,-0.368210435,0.00153477699,0.368207514,0.92969352,-0.00965285953,0.00212741131,0.00953977834,0.999952257],"shapeName":"/levels/west_coast_usa/art/shapes/objects/barrierfence_plain.dae"}
{"name":"Mesh Spline 7_Main_39","class":"TSStatic","__parent":"Mesh Spline 7","position":[335.292877,-873.11676,145.965637],"isRenderEnabled":false,"rotationMatrix":[0.924941182,-0.380080879,0.00472887559,0.380109608,0.924891531,-0.00961003453,-0.000721106306,0.0106862076,0.99994266],"shapeName":"/levels/west_coast_usa/art/shapes/objects/barrierfence_plain.dae"}
{"name":"Mesh Spline 7_Main_40","class":"TSStatic","__parent":"Mesh Spline 7","position":[337.880371,-874.217773,145.968063],"isRenderEnabled":false,"rotationMatrix":[0.913722515,-0.40623337,-0.00925254449,0.406159222,0.913758814,-0.00891607814,0.0120766032,0.00438881526,0.999917448],"shapeName":"/levels/west_coast_usa/art/shapes/objects/barrierfence_plain.dae"}
{"name":"Mesh Spline 7_Main_41","class":"TSStatic","__parent":"Mesh Spline 7","position":[340.445129,-875.370667,145.96489],"isRenderEnabled":false,"rotationMatrix":[0.906385839,-0.422415495,-0.00546834851,0.422374427,0.906392097,-0.00729259662,0.00803697389,0.00430021528,0.999958456],"shapeName":"/levels/west_coast_usa/art/shapes/objects/barrierfence_plain.dae"}
{"name":"Mesh Spline 7_Main_42","class":"TSStatic","__parent":"Mesh Spline 7","position":[342.983337,-876.580811,145.957504],"isRenderEnabled":false,"rotationMatrix":[0.898241699,-0.439362079,-0.0110838283,0.439380199,0.898300767,-0.000873778132,0.0103405174,-0.00408515101,0.99993819],"shapeName":"/levels/west_coast_usa/art/shapes/objects/barrierfence_plain.dae"}
{"name":"Mesh Spline 7_Main_43","class":"TSStatic","__parent":"Mesh Spline 7","position":[345.489594,-877.855469,145.945999],"isRenderEnabled":false,"rotationMatrix":[0.889476538,-0.456977367,-0.00178559241,0.456974208,0.889435649,0.00887861196,-0.00246915524,-0.0087132873,0.999958992],"shapeName":"/levels/west_coast_usa/art/shapes/objects/barrierfence_plain.dae"}
{"name":"Mesh Spline 7_Main_44","class":"TSStatic","__parent":"Mesh Spline 7","position":[347.956299,-879.204834,145.934021],"isRenderEnabled":false,"rotationMatrix":[0.86775744,-0.496961713,-0.00509776082,0.4969877,0.867720246,0.00805199705,0.000421895413,-0.00952070579,0.999954581],"shapeName":"/levels/west_coast_usa/art/shapes/objects/barrierfence_plain.dae"}
{"name":"Mesh Spline 7_Main_45","class":"TSStatic","__parent":"Mesh Spline 7","position":[350.3703,-880.64563,145.922241],"isRenderEnabled":false,"rotationMatrix":[0.849212885,-0.527862489,-0.0140968245,0.527834475,0.849326491,-0.00594328856,0.0151100457,-0.00239367271,0.999882996],"shapeName":"/levels/west_coast_usa/art/shapes/objects/barrierfence_plain.dae"}
{"name":"Mesh Spline 7_Main_46","class":"TSStatic","__parent":"Mesh Spline 7","position":[352.715149,-882.195923,145.907455],"isRenderEnabled":false,"rotationMatrix":[0.821417987,-0.570324123,-0.00171240442,0.570323408,0.821399331,0.00586431101,-0.00193799031,-0.00579367485,0.999981344],"shapeName":"/levels/west_coast_usa/art/shapes/objects/barrierfence_plain.dae"}
{"name":"Mesh Spline 7_Main_47","class":"TSStatic","__parent":"Mesh Spline 7","position":[354.988647,-883.849792,145.892487],"isRenderEnabled":false,"rotationMatrix":[0.792811573,-0.609437287,-0.00600554887,0.609415472,0.792834163,-0.00517172925,0.00791324861,0.000440332806,0.999968588],"shapeName":"/levels/west_coast_usa/art/shapes/objects/barrierfence_plain.dae"}
{"name":"Mesh Spline 7_Main_48","class":"TSStatic","__parent":"Mesh Spline 7","position":[357.209503,-885.574463,145.878082],"isRenderEnabled":false,"rotationMatrix":[0.785189807,-0.619241893,0.00405549444,0.619248569,0.785194814,-0.000537629938,-0.00285143033,0.0029335008,0.999991655],"shapeName":"/levels/west_coast_usa/art/shapes/objects/barrierfence_plain.dae"}
{"name":"Mesh Spline 7_Main_49","class":"TSStatic","__parent":"Mesh Spline 7","position":[359.406555,-887.329773,145.86377],"isRenderEnabled":false,"rotationMatrix":[0.785116792,-0.619346619,0.00114807789,0.619338155,0.785113633,0.00410588365,-0.00344433705,-0.00251254998,0.99999094],"shapeName":"/levels/west_coast_usa/art/shapes/objects/barrierfence_plain.dae"}
{"name":"Mesh Spline 7_Main_50","class":"TSStatic","__parent":"Mesh Spline 7","position":[361.6026,-889.086304,145.850784],"isRenderEnabled":false,"rotationMatrix":[0.778421462,-0.62765044,-0.0107231131,0.627583206,0.778495193,-0.00919551309,0.0141194602,0.000428338535,0.999900222],"shapeName":"/levels/west_coast_usa/art/shapes/objects/barrierfence_plain.dae"}
{"name":"Mesh Spline 7_Main_51","class":"TSStatic","__parent":"Mesh Spline 7","position":[363.791534,-890.851685,145.838776],"isRenderEnabled":false,"rotationMatrix":[0.777585804,-0.62877667,0.000440347707,0.628759384,0.777569294,0.00689836452,-0.00467993133,-0.00508719729,0.999976099],"shapeName":"/levels/west_coast_usa/art/shapes/objects/barrierfence_plain.dae"}
{"name":"Mesh Spline 7_Main_52","class":"TSStatic","__parent":"Mesh Spline 7","position":[365.961823,-892.639893,145.827408],"isRenderEnabled":false,"rotationMatrix":[0.766871214,-0.641724944,-0.00988261402,0.641762376,0.766903102,0.000830778852,0.00704587623,-0.00697939051,0.999950826],"shapeName":"/levels/west_coast_usa/art/shapes/objects/barrierfence_plain.dae"}
{"name":"Mesh Spline 7_Main_53","class":"TSStatic","__parent":"Mesh Spline 7","position":[368.118103,-894.445129,145.816086],"isRenderEnabled":false,"rotationMatrix":[0.760325849,-0.649455965,-0.0105615212,0.649521768,0.760329664,0.00450541545,0.00510416832,-0.0102855219,0.999934077],"shapeName":"/levels/west_coast_usa/art/shapes/objects/barrierfence_plain.dae"}
{"name":"Mesh Spline 7_Main_54","class":"TSStatic","__parent":"Mesh Spline 7","position":[370.265137,-896.261292,145.804626],"isRenderEnabled":false,"rotationMatrix":[0.758443952,-0.651628911,-0.0119389035,0.651695192,0.758477151,0.00240061153,0.00749107776,-0.00960125588,0.999925852],"shapeName":"/levels/west_coast_usa/art/shapes/objects/barrierfence_plain.dae"}
{"name":"Mesh Spline 7_Main_55","class":"TSStatic","__parent":"Mesh Spline 7","position":[372.40686,-898.083679,145.792816],"isRenderEnabled":false,"rotationMatrix":[0.767159104,-0.641377389,-0.010098218,0.641401231,0.767204881,-0.00109692919,0.00845094863,-0.00563548971,0.999948382],"shapeName":"/levels/west_coast_usa/art/shapes/objects/barrierfence_plain.dae"}
{"name":"Mesh Spline 7_Main_56","class":"TSStatic","__parent":"Mesh Spline 7","position":[374.547058,-899.907898,145.777878],"isRenderEnabled":false,"rotationMatrix":[0.763664424,-0.645462811,-0.0139429374,0.645513833,0.763747811,-0.00106384186,0.0113355583,-0.00818794034,0.999902248],"shapeName":"/levels/west_coast_usa/art/shapes/objects/barrierfence_plain.dae"}
{"name":"Mesh Spline 7_Main_57","class":"TSStatic","__parent":"Mesh Spline 7","position":[376.689484,-901.729431,145.75914],"isRenderEnabled":false,"rotationMatrix":[0.764771223,-0.644238353,-0.00904919766,0.644262671,0.764804244,-0.000291962177,0.00710895797,-0.0056067761,0.999958992],"shapeName":"/levels/west_coast_usa/art/shapes/objects/barrierfence_plain.dae"}
{"name":"Mesh Spline 7_Main_58","class":"TSStatic","__parent":"Mesh Spline 7","position":[378.832764,-903.549927,145.737869],"isRenderEnabled":false,"rotationMatrix":[0.756588519,-0.653703451,-0.0156738367,0.653804302,0.756661534,0.00182365393,0.0106676603,-0.0116273761,0.999875486],"shapeName":"/levels/west_coast_usa/art/shapes/objects/barrierfence_plain.dae"}
{"name":"Mesh Spline 7_Main_59","class":"TSStatic","__parent":"Mesh Spline 7","position":[380.973236,-905.373718,145.715775],"isRenderEnabled":false,"rotationMatrix":[0.766308546,-0.642467856,-0.00250552222,0.642457724,0.76625824,0.00981653016,-0.0043869284,-0.00913218316,0.99994868],"shapeName":"/levels/west_coast_usa/art/shapes/objects/barrierfence_plain.dae"}
{"name":"Mesh Spline 7_Main_60","class":"TSStatic","__parent":"Mesh Spline 7","position":[383.111115,-907.200562,145.695343],"isRenderEnabled":false,"rotationMatrix":[0.754091263,-0.656731069,-0.00711598899,0.656756461,0.754100561,0.00183247519,0.00416272786,-0.00605532527,0.999972999],"shapeName":"/levels/west_coast_usa/art/shapes/objects/barrierfence_plain.dae"}
{"name":"Mesh Spline 7_Main_61","class":"TSStatic","__parent":"Mesh Spline 7","position":[385.247284,-909.029419,145.677017],"isRenderEnabled":false,"rotationMatrix":[0.763955116,-0.645102501,-0.0146759888,0.64520669,0.764000356,0.0034336797,0.00899738539,-0.0120922234,0.999886394],"shapeName":"/levels/west_coast_usa/art/shapes/objects/barrierfence_plain.dae"}
{"name":"Mesh Spline 7_Main_62","class":"TSStatic","__parent":"Mesh Spline 7","position":[387.382141,-910.859924,145.662201],"isRenderEnabled":false,"rotationMatrix":[0.7615453,-0.648096383,0.0044600144,0.648106039,0.761549413,-0.00103931793,-0.0027229432,0.00368204992,0.99998951],"shapeName":"/levels/west_coast_usa/art/shapes/objects/barrierfence_plain.dae"}
{"name":"Mesh Spline 7_StartCap","class":"TSStatic","__parent":"Mesh Spline 7","position":[229.82254,-843.365784,144.487259],"isRenderEnabled":false,"rotationMatrix":[0.950339198,-0.309739023,0.0302837156,0.310045034,0.95070374,-0.00587438932,-0.0269713141,0.0149719771,0.999524057],"shapeName":"/levels/west_coast_usa/art/shapes/objects/barrierfence_plain.dae"}
{"name":"Mesh Spline 7_EndCap","class":"TSStatic","__parent":"Mesh Spline 7","position":[389.516357,-912.691101,145.649551],"isRenderEnabled":false,"rotationMatrix":[0.753522754,-0.65733242,-0.0108417291,0.657343388,0.7535851,-0.00301940693,0.0101549197,-0.00485154754,0.99993664],"shapeName":"/levels/west_coast_usa/art/shapes/objects/barrierfence_plain.dae"}
