{"class":"TSStatic","__parent":"Slop Gear Clutter","position":[859.271362,683.893616,147.341431],"isRenderEnabled":false,"rotationMatrix":[-0.223752856,0.974645674,0,-0.974645674,-0.223752856,0,0,0,1],"shapeName":"/art/shapes/garage_and_dealership/garage/s_document_drawer.dae","useInstanceRenderData":true}
{"class":"TSStatic","__parent":"Slop Gear Clutter","position":[858.719177,686.332214,147.32785],"decalType":"None","isRenderEnabled":false,"rotationMatrix":[-0.236348271,0.971668482,0,-0.971668482,-0.236348271,0,0,0,1],"shapeName":"/art/shapes/garage_and_dealership/garage/s_metal_locker.dae","useInstanceRenderData":true}
{"class":"TSStatic","__parent":"Slop Gear Clutter","position":[858.938171,685.431702,147.32785],"decalType":"None","isRenderEnabled":false,"rotationMatrix":[-0.236348271,0.971668482,0,-0.971668482,-0.236348271,0,0,0,1],"shapeName":"/art/shapes/garage_and_dealership/garage/s_metal_locker.dae","useInstanceRenderData":true}
{"class":"TSStatic","__parent":"Slop Gear Clutter","position":[859.388367,683.383667,147.341431],"isRenderEnabled":false,"rotationMatrix":[-0.223752856,0.974645674,0,-0.974645674,-0.223752856,0,0,0,1],"shapeName":"/art/shapes/garage_and_dealership/garage/s_document_drawer.dae","useInstanceRenderData":true}
{"class":"TSStatic","__parent":"Slop Gear Clutter","position":[859.50708,682.866943,147.341431],"isRenderEnabled":false,"rotationMatrix":[-0.223752856,0.974645674,0,-0.974645674,-0.223752856,0,0,0,1],"shapeName":"/art/shapes/garage_and_dealership/garage/s_document_drawer.dae","useInstanceRenderData":true}
{"class":"TSStatic","__parent":"Slop Gear Clutter","position":[859.013062,678.993469,146.984741],"decalType":"None","isRenderEnabled":false,"rotationMatrix":[-0.0115565062,0.999870539,0.0112142116,-0.999424577,-0.0119076967,0.0317679308,0.0318973437,-0.0108406367,0.999432385],"shapeName":"/art/shapes/garage_and_dealership/Clutter/clutter_workshop_hand_dolly.dae","useInstanceRenderData":true}
{"class":"TSStatic","__parent":"Slop Gear Clutter","position":[861.115784,670.899658,147.036316],"decalType":"None","isRenderEnabled":false,"rotationMatrix":[0.256084442,-0.966620684,-0.00808238424,0.966646433,0.25610739,-0.00192956929,0.00393512053,-0.00731867552,0.999965489],"shapeName":"/art/shapes/garage_and_dealership/Clutter/pallet_stack.DAE","useInstanceRenderData":true}
{"class":"TSStatic","__parent":"Slop Gear Clutter","position":[861.623596,669.343384,146.771606],"isRenderEnabled":false,"rotationMatrix":[0.836753845,-0.547576725,-0.00166714366,0.547576606,0.83673656,0.00563559448,-0.00169096037,-0.00562849408,0.999982715],"scale":[0.588769555,0.588769555,0.588769555],"shapeName":"/levels/west_coast_usa/art/shapes/buildings/s_mascot.dae","useInstanceRenderData":true}
{"class":"TSStatic","__parent":"Slop Gear Clutter","position":[855.779907,693.422485,146.962753],"decalType":"None","isRenderEnabled":false,"rotationMatrix":[0.686572552,0.726890922,0.0157371163,-0.727043629,0.686545908,0.0078941863,-0.0050660409,-0.0168615021,0.999845028],"shapeName":"/art/shapes/garage_and_dealership/Clutter/ind_metal_scraps_c.DAE","useInstanceRenderData":true}
{"class":"TSStatic","__parent":"Slop Gear Clutter","position":[857.634521,694.729614,146.986923],"decalType":"None","isRenderEnabled":false,"rotationMatrix":[-0.884467363,0.466601759,-6.43851217e-06,-0.466601759,-0.884467363,-7.8218236e-06,-9.34433137e-06,-3.91392769e-06,1],"shapeName":"/art/shapes/garage_and_dealership/Clutter/ind_clutter_mix.DAE","useInstanceRenderData":true}
{"class":"TSStatic","__parent":"Slop Gear Clutter","position":[860.303894,676.357605,147.034866],"isRenderEnabled":false,"rotationMatrix":[-0.226141214,0.974094629,-4.88944352e-09,-0.974077821,-0.22613728,-0.00587701891,-0.00572477374,-0.00132903038,0.999982715],"shapeName":"/art/shapes/garage_and_dealership/Clutter/ind_pallet_cans.DAE","useInstanceRenderData":true}
{"class":"TSStatic","__parent":"Slop Gear Clutter","position":[866.429321,665.689697,147.115723],"isRenderEnabled":false,"rotationMatrix":[-0.990837574,0.135057226,0,-0.135057226,-0.990837574,0,0,0,1],"shapeName":"/art/shapes/garage_and_dealership/deal_covered_car_sunburst_2.dae","useInstanceRenderData":true}
{"class":"TSStatic","__parent":"Slop Gear Clutter","position":[861.741577,676.501709,147.15564],"isRenderEnabled":false,"shapeName":"/art/shapes/objects/s_trashbag_pile_01.dae","useInstanceRenderData":true}
{"class":"TSStatic","__parent":"Slop Gear Clutter","position":[862.791992,671.775391,147.164917],"isRenderEnabled":false,"rotationMatrix":[0.200473726,-0.979698956,0,0.979698956,0.200473726,0,0,0,1],"shapeName":"/art/shapes/garage_and_dealership/Clutter/ind_pallet_cardboard.DAE","useInstanceRenderData":true}
{"class":"TSStatic","__parent":"Slop Gear Clutter","position":[871.682861,667.625122,147.032944],"isRenderEnabled":false,"rotationMatrix":[0.851091266,0.525017738,0,-0.525017738,0.851091266,0,0,0,1],"shapeName":"/art/shapes/garage_and_dealership/deal_covered_car_barstow_1.dae","useInstanceRenderData":true}
{"class":"TSStatic","__parent":"Slop Gear Clutter","position":[868.326172,679.092651,147.140671],"isRenderEnabled":false,"rotationMatrix":[0.857254446,-0.514892995,0,0.514892995,0.857254446,0,0,0,1],"shapeName":"/art/shapes/garage_and_dealership/deal_covered_car_roamer_1.dae","useInstanceRenderData":true}
{"class":"TSStatic","__parent":"Slop Gear Clutter","position":[861.195496,682.833069,147.308319],"decalType":"None","isRenderEnabled":false,"rotationMatrix":[-0.237272859,0.971442819,0,-0.971442819,-0.237272859,0,0,0,1],"shapeName":"/art/shapes/garage_and_dealership/garage/s_office_desk.dae","useInstanceRenderData":true}
{"class":"TSStatic","__parent":"Slop Gear Clutter","position":[860.781799,684.843079,147.307236],"decalType":"None","isRenderEnabled":false,"rotationMatrix":[-0.237272859,0.971442819,0,-0.971442819,-0.237272859,0,0,0,1],"shapeName":"/art/shapes/garage_and_dealership/garage/s_office_desk.dae","useInstanceRenderData":true}
{"class":"TSStatic","__parent":"Slop Gear Clutter","position":[863.738281,666.640503,141.118286],"isRenderEnabled":false,"rotationMatrix":[-0.24430871,0.969697535,0,-0.969697535,-0.24430871,0,0,0,1],"scale":[0.809642434,1,0.809642434],"shapeName":"/levels/west_coast_usa/art/shapes/objects/dragbillboard_sign04.dae","useInstanceRenderData":true}
{"class":"TSStatic","__parent":"Slop Gear Clutter","position":[860.752014,677.998291,146.725372],"isRenderEnabled":false,"rotationMatrix":[-0.244945645,0.969536781,0,-0.969536781,-0.244945645,0,0,0,1],"scale":[0.354820251,1,0.354820251],"shapeName":"/levels/west_coast_usa/art/shapes/objects/dragbillboard_sign05.dae","useInstanceRenderData":true}
{"class":"TSStatic","__parent":"Slop Gear Clutter","position":[867.760925,682.770447,144.894165],"isRenderEnabled":false,"rotationMatrix":[0.965774894,0.259381652,0,-0.259381652,0.965774894,0,0,0,1],"scale":[0.5,1,0.5],"shapeName":"/levels/west_coast_usa/art/shapes/objects/dragbillboard_sign22.dae","useInstanceRenderData":true}
{"class":"TSStatic","__parent":"Slop Gear Clutter","position":[859.194214,679.028687,147.134125],"collisionType":"None","decalType":"None","isRenderEnabled":false,"rotationMatrix":[-0.0115768909,0.99987042,0.0112150954,-0.999424696,-0.0119279623,0.0317576788,0.0318873227,-0.0108409943,0.999432683],"shapeName":"/art/shapes/garage_and_dealership/Clutter/cbbox_large_dirt.DAE","useInstanceRenderData":true}
