{"name":"pItLaneTireWall","class":"SimGroup","__parent":"driftLoopTuningTent"}
{"class":"TSStatic","__parent":"driftLoopTuningTent","position":[497.37738,-50.9091225,146.19458],"isRenderEnabled":false,"scale":[0.783984423,0.812408447,1],"shapeName":"/levels/west_coast_usa/art/shapes/objects/sandbarrel.dae","useInstanceRenderData":true}
{"class":"TSStatic","__parent":"driftLoopTuningTent","position":[513.453308,-80.2240219,146.507034],"isRenderEnabled":false,"shapeName":"/art/shapes/garage_and_dealership/Clutter/italy_traf_sign_noentry.dae","useInstanceRenderData":true}
{"class":"TSStatic","__parent":"driftLoopTuningTent","position":[512.860107,-81.2949982,146.365479],"isRenderEnabled":false,"scale":[0.783984423,0.812408447,1],"shapeName":"/levels/west_coast_usa/art/shapes/objects/sandbarrel.dae","useInstanceRenderData":true}
{"class":"TSStatic","__parent":"driftLoopTuningTent","position":[514.461975,-48.9792786,147.581757],"isRenderEnabled":false,"rotationMatrix":[5.96046448e-08,-4.47034836e-07,0.999999821,-0.633587718,0.773670793,2.68220901e-07,-0.773670614,-0.633587718,-2.38418579e-07],"shapeName":"/levels/west_coast_usa/art/shapes/garage/hr_tire.DAE","useInstanceRenderData":true}
{"class":"TSStatic","__parent":"driftLoopTuningTent","position":[514.795654,-48.7058868,146.751801],"isRenderEnabled":false,"rotationMatrix":[5.96046448e-08,-4.47034836e-07,0.999999821,-0.633587718,0.773670793,2.68220901e-07,-0.773670614,-0.633587718,-2.38418579e-07],"shapeName":"/levels/west_coast_usa/art/shapes/garage/hr_tire.DAE","useInstanceRenderData":true}
{"class":"TSStatic","__parent":"driftLoopTuningTent","position":[514.381226,-49.0455132,146.751801],"isRenderEnabled":false,"rotationMatrix":[5.96046448e-08,-4.47034836e-07,0.999999821,-0.633587718,0.773670793,2.68220901e-07,-0.773670614,-0.633587718,-2.38418579e-07],"shapeName":"/levels/west_coast_usa/art/shapes/garage/hr_tire.DAE","useInstanceRenderData":true}
{"class":"TSStatic","__parent":"driftLoopTuningTent","position":[513.957458,-49.392807,146.751801],"isRenderEnabled":false,"rotationMatrix":[5.96046448e-08,-4.47034836e-07,0.999999821,-0.633587718,0.773670793,2.68220901e-07,-0.773670614,-0.633587718,-2.38418579e-07],"shapeName":"/levels/west_coast_usa/art/shapes/garage/hr_tire.DAE","useInstanceRenderData":true}
{"class":"TSStatic","__parent":"driftLoopTuningTent","position":[513.830872,-49.4965363,147.581757],"isRenderEnabled":false,"rotationMatrix":[5.96046448e-08,-4.47034836e-07,0.999999821,-0.633587718,0.773670793,2.68220901e-07,-0.773670614,-0.633587718,-2.38418579e-07],"shapeName":"/levels/west_coast_usa/art/shapes/garage/hr_tire.DAE","useInstanceRenderData":true}
{"class":"TSStatic","__parent":"driftLoopTuningTent","position":[514.044861,-49.3211975,147.581757],"isRenderEnabled":false,"rotationMatrix":[5.96046448e-08,-4.47034836e-07,0.999999821,-0.633587718,0.773670793,2.68220901e-07,-0.773670614,-0.633587718,-2.38418579e-07],"shapeName":"/levels/west_coast_usa/art/shapes/garage/hr_tire.DAE","useInstanceRenderData":true}
{"class":"TSStatic","__parent":"driftLoopTuningTent","position":[514.669067,-48.8096161,147.581757],"isRenderEnabled":false,"rotationMatrix":[5.96046448e-08,-4.47034836e-07,0.999999821,-0.633587718,0.773670793,2.68220901e-07,-0.773670614,-0.633587718,-2.38418579e-07],"shapeName":"/levels/west_coast_usa/art/shapes/garage/hr_tire.DAE","useInstanceRenderData":true}
{"class":"TSStatic","__parent":"driftLoopTuningTent","position":[514.588562,-48.8756104,146.751801],"isRenderEnabled":false,"rotationMatrix":[5.96046448e-08,-4.47034836e-07,0.999999821,-0.633587718,0.773670793,2.68220901e-07,-0.773670614,-0.633587718,-2.38418579e-07],"shapeName":"/levels/west_coast_usa/art/shapes/garage/hr_tire.DAE","useInstanceRenderData":true}
{"class":"TSStatic","__parent":"driftLoopTuningTent","position":[514.171387,-49.2174683,146.751801],"isRenderEnabled":false,"rotationMatrix":[5.96046448e-08,-4.47034836e-07,0.999999821,-0.633587718,0.773670793,2.68220901e-07,-0.773670614,-0.633587718,-2.38418579e-07],"shapeName":"/levels/west_coast_usa/art/shapes/garage/hr_tire.DAE","useInstanceRenderData":true}
{"class":"TSStatic","__parent":"driftLoopTuningTent","position":[514.219299,-49.1757812,146.421844],"isRenderEnabled":false,"rotationMatrix":[0.773451865,0.633855104,0,-0.633855104,0.773451865,0,0,0,1],"shapeName":"/art/shapes/garage_and_dealership/garage/s_tire_rack.dae","useInstanceRenderData":true}
{"class":"TSStatic","__parent":"driftLoopTuningTent","position":[514.2547,-49.1492386,147.581757],"isRenderEnabled":false,"rotationMatrix":[5.96046448e-08,-4.47034836e-07,0.999999821,-0.633587718,0.773670793,2.68220901e-07,-0.773670614,-0.633587718,-2.38418579e-07],"shapeName":"/levels/west_coast_usa/art/shapes/garage/hr_tire.DAE","useInstanceRenderData":true}
{"class":"TSStatic","__parent":"driftLoopTuningTent","position":[518.66803,-55.6323853,146.43367],"isRenderEnabled":false,"shapeName":"/art/shapes/garage_and_dealership/garage/s_metal_stool.dae","useInstanceRenderData":true}
{"class":"TSStatic","__parent":"driftLoopTuningTent","position":[518.245972,-50.9045105,146.775223],"isRenderEnabled":false,"rotationMatrix":[-0.657075405,0.753825307,0,-0.753825307,-0.657075405,0,0,0,1],"shapeName":"/art/shapes/garage_and_dealership/Clutter/plastic_can_small.DAE","useInstanceRenderData":true}
{"class":"TSStatic","__parent":"driftLoopTuningTent","position":[515.433472,-49.6540451,146.43367],"isRenderEnabled":false,"shapeName":"/art/shapes/garage_and_dealership/garage/s_metal_stool.dae","useInstanceRenderData":true}
{"class":"TSStatic","__parent":"driftLoopTuningTent","position":[519.015747,-52.1294746,146.83902],"isRenderEnabled":false,"rotationMatrix":[-0.032443285,-0.0280997492,0.999078751,0.000288636424,0.999604404,0.0281239152,-0.99947381,0.00120079517,-0.0324223042],"shapeName":"/levels/west_coast_usa/art/shapes/objects/garbage_bottle_a.dae","useInstanceRenderData":true}
{"class":"TSStatic","__parent":"driftLoopTuningTent","position":[519.607544,-55.4482574,147.291443],"isRenderEnabled":false,"shapeName":"/art/shapes/garage_and_dealership/garage/s_small_toolbox_01.dae","useInstanceRenderData":true}
{"class":"TSStatic","__parent":"driftLoopTuningTent","position":[519.901672,-55.0521431,146.491806],"isRenderEnabled":false,"rotationMatrix":[0.814227104,0.580546498,0,-0.580546498,0.814227104,0,0,0,1],"shapeName":"/art/shapes/garage_and_dealership/Clutter/plastic_can_big.DAE","useInstanceRenderData":true}
{"class":"TSStatic","__parent":"driftLoopTuningTent","position":[518.295227,-51.0437775,146.777267],"isRenderEnabled":false,"rotationMatrix":[0.790521801,0.61243397,0,-0.61243397,0.790521801,0,0,0,1],"shapeName":"/art/shapes/garage_and_dealership/Clutter/clutter_workshop_black_oil.dae","useInstanceRenderData":true}
{"class":"TSStatic","__parent":"driftLoopTuningTent","position":[514.335571,-54.7445335,146.4207],"isRenderEnabled":false,"rotationMatrix":[0.816764474,0.576971292,0,-0.576971292,0.816764474,0,0,0,1],"shapeName":"/art/shapes/garage_and_dealership/Clutter/plastic_bucket.DAE","useInstanceRenderData":true}
{"class":"TSStatic","__parent":"driftLoopTuningTent","position":[518.489563,-51.2946129,146.777267],"isRenderEnabled":false,"rotationMatrix":[0.790521801,0.61243397,0,-0.61243397,0.790521801,0,0,0,1],"shapeName":"/art/shapes/garage_and_dealership/Clutter/clutter_workshop_black_oil.dae","useInstanceRenderData":true}
{"class":"TSStatic","__parent":"driftLoopTuningTent","position":[515.1521,-49.3016853,147.291458],"isRenderEnabled":false,"shapeName":"/art/shapes/garage_and_dealership/garage/s_laptop.dae","useInstanceRenderData":true}
{"class":"TSStatic","__parent":"driftLoopTuningTent","position":[518.805481,-51.4397049,146.47377],"isRenderEnabled":false,"rotationMatrix":[0.594851136,-0.803835928,0,0.803835928,0.594851136,0,0,0,1],"shapeName":"/art/shapes/garage_and_dealership/garage/s_metal_shelf_01.dae","useInstanceRenderData":true}
{"class":"TSStatic","__parent":"driftLoopTuningTent","position":[518.344543,-50.813694,147.279816],"isRenderEnabled":false,"shapeName":"/art/shapes/garage_and_dealership/Clutter/clutter_workshop_short_bottle.dae","useInstanceRenderData":true}
{"class":"TSStatic","__parent":"driftLoopTuningTent","position":[519.575806,-52.6983223,147.816223],"isRenderEnabled":false,"rotationMatrix":[0.0159210563,0.0116526783,0.99980545,-0.590609908,0.806957245,-2.98023224e-08,-0.806800246,-0.590494871,0.0197297931],"shapeName":"/art/shapes/garage_and_dealership/garage/s_wrench_collection.dae","useInstanceRenderData":true}
{"class":"TSStatic","__parent":"driftLoopTuningTent","position":[519.836304,-53.0358467,147.811874],"isRenderEnabled":false,"rotationMatrix":[0.0489504933,0.0347693861,0.998195946,-0.579082727,0.815268755,2.98023224e-08,-0.81379801,-0.578037977,0.0600421429],"shapeName":"/art/shapes/garage_and_dealership/garage/s_ducktape.dae","useInstanceRenderData":true}
{"class":"TSStatic","__parent":"driftLoopTuningTent","position":[518.418945,-50.915451,147.279816],"isRenderEnabled":false,"shapeName":"/art/shapes/garage_and_dealership/Clutter/clutter_workshop_short_bottle.dae","useInstanceRenderData":true}
{"class":"TSStatic","__parent":"driftLoopTuningTent","position":[517.291931,-49.3701515,147.808472],"isRenderEnabled":false,"rotationMatrix":[0.0159210563,0.0116526783,0.99980545,-0.590609908,0.806957245,-2.98023224e-08,-0.806800246,-0.590494871,0.0197297931],"shapeName":"/art/shapes/garage_and_dealership/garage/s_wrench_collection.dae","useInstanceRenderData":true}
{"class":"TSStatic","__parent":"driftLoopTuningTent","position":[518.247375,-51.0446281,147.279816],"isRenderEnabled":false,"shapeName":"/art/shapes/garage_and_dealership/Clutter/clutter_workshop_short_bottle.dae","useInstanceRenderData":true}
{"class":"TSStatic","__parent":"driftLoopTuningTent","position":[517.497375,-54.945137,146.434067],"isRenderEnabled":false,"rotationMatrix":[0.606420517,-0.7951442,0,0.7951442,0.606420517,0,0,0,1],"scale":[1.38808393,1.38378906,1],"shapeName":"/art/shapes/race/rally/rally_assets/s_rally_gazebo_mod_frame_addon_3x3.dae","useInstanceRenderData":true}
{"class":"TSStatic","__parent":"driftLoopTuningTent","position":[516.206116,-53.3002396,146.443863],"isRenderEnabled":false,"rotationMatrix":[0.608614326,-0.793466151,0,0.793466151,0.608614326,0,0,0,1],"scale":[1.45760453,1.41650152,1],"shapeName":"/art/shapes/race/rally/rally_assets/s_rally_gazebo_mod_cover_rotopad_3x6.dae","useInstanceRenderData":true}
{"class":"TSStatic","__parent":"driftLoopTuningTent","position":[518.309204,-51.1565933,147.279816],"isRenderEnabled":false,"shapeName":"/art/shapes/garage_and_dealership/Clutter/clutter_workshop_short_bottle.dae","useInstanceRenderData":true}
{"class":"TSStatic","__parent":"driftLoopTuningTent","position":[518.094421,-51.8982315,146.470795],"isRenderEnabled":false,"shapeName":"/art/shapes/garage_and_dealership/Clutter/plastic_bucket.DAE","useInstanceRenderData":true}
{"class":"TSStatic","__parent":"driftLoopTuningTent","position":[518.358826,-51.1258812,146.777267],"isRenderEnabled":false,"rotationMatrix":[0.790521801,0.61243397,0,-0.61243397,0.790521801,0,0,0,1],"shapeName":"/art/shapes/garage_and_dealership/Clutter/clutter_workshop_black_oil.dae","useInstanceRenderData":true}
{"class":"TSStatic","__parent":"driftLoopTuningTent","position":[520.312683,-54.4365082,146.501236],"isRenderEnabled":false,"rotationMatrix":[0.968977451,0.24714911,0,-0.24714911,0.968977451,0,0,0,1],"shapeName":"/art/shapes/garage_and_dealership/garage/s_compressor_01.dae","useInstanceRenderData":true}
{"class":"TSStatic","__parent":"driftLoopTuningTent","position":[518.425964,-51.2125092,146.777267],"isRenderEnabled":false,"rotationMatrix":[0.790521801,0.61243397,0,-0.61243397,0.790521801,0,0,0,1],"shapeName":"/art/shapes/garage_and_dealership/Clutter/clutter_workshop_black_oil.dae","useInstanceRenderData":true}
{"class":"TSStatic","__parent":"driftLoopTuningTent","position":[518.935425,-55.9827347,147.291443],"isRenderEnabled":false,"rotationMatrix":[-0.805317283,-0.592844486,0,0.592844486,-0.805317283,0,0,0,1],"shapeName":"/art/shapes/garage_and_dealership/garage/s_laptop.dae","useInstanceRenderData":true}
{"class":"TSStatic","__parent":"driftLoopTuningTent","position":[518.435425,-50.7576752,147.279816],"isRenderEnabled":false,"shapeName":"/art/shapes/garage_and_dealership/Clutter/clutter_workshop_short_bottle.dae","useInstanceRenderData":true}
{"class":"TSStatic","__parent":"driftLoopTuningTent","position":[518.261902,-50.8804131,147.279816],"isRenderEnabled":false,"shapeName":"/art/shapes/garage_and_dealership/Clutter/clutter_workshop_short_bottle.dae","useInstanceRenderData":true}
{"class":"TSStatic","__parent":"driftLoopTuningTent","position":[519.777283,-52.9527702,147.811874],"isRenderEnabled":false,"rotationMatrix":[0.0489504933,0.0347693861,0.998195946,-0.579082727,0.815268755,2.98023224e-08,-0.81379801,-0.578037977,0.0600421429],"shapeName":"/art/shapes/garage_and_dealership/garage/s_ducktape.dae","useInstanceRenderData":true}
{"class":"TSStatic","__parent":"driftLoopTuningTent","position":[518.336304,-50.9821701,147.279816],"isRenderEnabled":false,"shapeName":"/art/shapes/garage_and_dealership/Clutter/clutter_workshop_short_bottle.dae","useInstanceRenderData":true}
{"class":"TSStatic","__parent":"driftLoopTuningTent","position":[517.493408,-49.6245995,147.804123],"isRenderEnabled":false,"rotationMatrix":[0.0489504933,0.0347693861,0.998195946,-0.579082727,0.815268755,2.98023224e-08,-0.81379801,-0.578037977,0.0600421429],"shapeName":"/art/shapes/garage_and_dealership/garage/s_ducktape.dae","useInstanceRenderData":true}
{"class":"TSStatic","__parent":"driftLoopTuningTent","position":[518.571655,-50.9713974,147.279816],"isRenderEnabled":false,"shapeName":"/art/shapes/garage_and_dealership/Clutter/clutter_workshop_short_bottle.dae","useInstanceRenderData":true}
{"class":"TSStatic","__parent":"driftLoopTuningTent","position":[514.981201,-51.637188,146.427536],"isRenderEnabled":false,"rotationMatrix":[0.798566937,0.601906121,0,-0.601906121,0.798566937,0,0,0,1],"scale":[1.38808393,1.38378906,1],"shapeName":"/art/shapes/race/rally/rally_assets/s_rally_gazebo_mod_frame_3x3.dae","useInstanceRenderData":true}
{"class":"TSStatic","__parent":"driftLoopTuningTent","position":[514.933899,-51.6117821,146.424622],"isRenderEnabled":false,"rotationMatrix":[0.792176306,0.610252261,0.00699323975,-0.610183954,0.792199552,-0.00976970233,-0.0115020238,0.00347216544,0.999927819],"scale":[1.76343513,1.056934,1],"shapeName":"/art/shapes/objects/s_tarp_flat.dae","useInstanceRenderData":true}
{"class":"TSStatic","__parent":"driftLoopTuningTent","position":[519.10083,-52.2252274,146.839081],"isRenderEnabled":false,"rotationMatrix":[-0.032443285,-0.0280997492,0.999078751,0.000288636424,0.999604404,0.0281239152,-0.99947381,0.00120079517,-0.0324223042],"shapeName":"/levels/west_coast_usa/art/shapes/objects/garbage_bottle_a.dae","useInstanceRenderData":true}
{"class":"TSStatic","__parent":"driftLoopTuningTent","position":[510.645996,-44.2940674,147.338989],"isRenderEnabled":false,"rotationMatrix":[0.00191044807,0.999998569,2.82013789e-05,-0.999889731,0.00191062689,-0.0147569962,-0.0147570232,4.65661287e-10,0.999891102],"shapeName":"/art/shapes/race/rally/rally_assets/s_metal_fence_branding_ngrc.dae","useInstanceRenderData":true}
{"class":"TSStatic","__parent":"driftLoopTuningTent","position":[522.041931,-59.8869896,146.503036],"isRenderEnabled":false,"rotationMatrix":[0.998948991,0.0458361544,0,-0.0458361544,0.998948991,0,0,0,1],"shapeName":"/levels/west_coast_usa/art/shapes/objects/s_containers_20_folk.dae","useInstanceRenderData":true}
{"class":"TSStatic","__parent":"driftLoopTuningTent","position":[514.023438,-44.3433571,147.399048],"isRenderEnabled":false,"rotationMatrix":[-0.0107110739,0.999942839,-6.0620252e-05,-0.999926865,-0.0107113123,-0.00565926079,-0.00565958582,-2.32830644e-10,0.999983966],"shapeName":"/art/shapes/race/rally/rally_assets/s_metal_fence_branding_rotopad.dae","useInstanceRenderData":true}
{"class":"TSStatic","__parent":"driftLoopTuningTent","position":[517.663208,-54.5556259,146.462936],"isRenderEnabled":false,"rotationMatrix":[0.799810171,0.600147188,0.0112722274,-0.600101769,0.799889147,-0.00743211526,-0.0134768952,-0.000820201589,0.999908864],"scale":[1.76343513,1.056934,1],"shapeName":"/art/shapes/objects/s_tarp_flat.dae","useInstanceRenderData":true}
{"class":"TSStatic","__parent":"driftLoopTuningTent","position":[517.929871,-50.7143135,146.772644],"isRenderEnabled":false,"rotationMatrix":[0.795575082,0.605855048,0,-0.605855048,0.795575082,0,0,0,1],"shapeName":"/art/shapes/garage_and_dealership/Clutter/clutter_workshop_fire_extinguisher.dae","useInstanceRenderData":true}
{"class":"TSStatic","__parent":"driftLoopTuningTent","position":[519.159851,-52.1802216,146.842072],"isRenderEnabled":false,"rotationMatrix":[-0.0254483223,0.00615297724,0.999657333,0.000385969179,0.999981046,-0.00614514481,-0.999676168,0.000229453901,-0.0254501104],"shapeName":"/levels/west_coast_usa/art/shapes/objects/garbage_bottle_a.dae","useInstanceRenderData":true}
{"class":"TSStatic","__parent":"driftLoopTuningTent","position":[519.156921,-52.4924622,146.772644],"isRenderEnabled":false,"rotationMatrix":[-0.823160648,-0.567809045,0,0.567809045,-0.823160648,0,0,0,1],"shapeName":"/art/shapes/garage_and_dealership/Clutter/clutter_workshop_fire_extinguisher.dae","useInstanceRenderData":true}
{"class":"TSStatic","__parent":"driftLoopTuningTent","position":[519.247986,-55.7333603,146.474731],"isRenderEnabled":false,"rotationMatrix":[-0.798288226,-0.602275312,0,0.602275312,-0.798288226,0,0,0,1],"shapeName":"/art/shapes/garage_and_dealership/garage/s_garage_workbench_02.dae","useInstanceRenderData":true}
{"class":"TSStatic","__parent":"driftLoopTuningTent","position":[513.824097,-50.2253304,146.412628],"isRenderEnabled":false,"rotationMatrix":[0.800860226,0.598851264,0,-0.598851264,0.800860226,0,0,0,1],"shapeName":"/art/shapes/garage_and_dealership/garage/s_big_toolbox_02.dae","useInstanceRenderData":true}
{"class":"TSStatic","__parent":"driftLoopTuningTent","position":[519.218872,-52.1422806,146.841568],"isRenderEnabled":false,"rotationMatrix":[-0.032443285,-0.0280997492,0.999078751,0.000288636424,0.999604404,0.0281239152,-0.99947381,0.00120079517,-0.0324223042],"shapeName":"/levels/west_coast_usa/art/shapes/objects/garbage_bottle_a.dae","useInstanceRenderData":true}
{"class":"TSStatic","__parent":"driftLoopTuningTent","position":[522.241699,-61.4489822,149.094696],"isRenderEnabled":false,"rotationMatrix":[-0.99761343,-0.0690510198,0,0.0690510198,-0.99761343,0,0,0,1],"shapeName":"/art/shapes/race/rally/rally_assets/s_rally_fold_chair_01.dae","useInstanceRenderData":true}
{"class":"TSStatic","__parent":"driftLoopTuningTent","position":[521.671326,-60.5274887,149.484634],"isRenderEnabled":false,"rotationMatrix":[0.0356544852,0,0.999364197,0,1,0,-0.999364197,0,0.0356544852],"shapeName":"/levels/west_coast_usa/art/shapes/objects/garbage_bottle_b.dae","useInstanceRenderData":true}
{"class":"TSStatic","__parent":"driftLoopTuningTent","position":[521.558716,-60.8851089,148.656921],"isRenderEnabled":false,"rotationMatrix":[0.996576846,0.0826714262,0,-0.0826714262,0.996576846,0,0,0,1],"shapeName":"/art/shapes/race/rally/rally_assets/s_rally_fold_table_01.dae","useInstanceRenderData":true}
{"class":"TSStatic","__parent":"driftLoopTuningTent","position":[521.101196,-44.2515907,147.399048],"isRenderEnabled":false,"rotationMatrix":[-0.0107110739,0.999942839,-6.0620252e-05,-0.999926865,-0.0107113123,-0.00565926079,-0.00565958582,-2.32830644e-10,0.999983966],"shapeName":"/art/shapes/race/rally/rally_assets/s_metal_fence_branding_rotopad.dae","useInstanceRenderData":true}
{"class":"TSStatic","__parent":"driftLoopTuningTent","position":[521.631653,-61.2056656,149.484634],"isRenderEnabled":false,"rotationMatrix":[0.0356544852,0,0.999364197,0,1,0,-0.999364197,0,0.0356544852],"shapeName":"/levels/west_coast_usa/art/shapes/objects/garbage_bottle_b.dae","useInstanceRenderData":true}
{"class":"TSStatic","__parent":"driftLoopTuningTent","position":[522.008789,-60.0022545,149.094696],"isRenderEnabled":false,"rotationMatrix":[-0.876737356,-0.480969667,0,0.480969667,-0.876737356,0,0,0,1],"shapeName":"/art/shapes/race/rally/rally_assets/s_rally_fold_chair_01.dae","useInstanceRenderData":true}
{"class":"TSStatic","__parent":"driftLoopTuningTent","position":[503.725128,-44.2940674,147.262482],"isRenderEnabled":false,"rotationMatrix":[0.00191044807,0.999998569,2.82013789e-05,-0.999889731,0.00191062689,-0.0147569962,-0.0147570232,4.65661287e-10,0.999891102],"shapeName":"/art/shapes/race/rally/rally_assets/s_metal_fence_branding_ngrc.dae","useInstanceRenderData":true}
{"class":"TSStatic","__parent":"driftLoopTuningTent","position":[517.723755,-44.3253746,147.338989],"isRenderEnabled":false,"rotationMatrix":[0.00191044807,0.999998569,2.82013789e-05,-0.999889731,0.00191062689,-0.0147569962,-0.0147570232,4.65661287e-10,0.999891102],"shapeName":"/art/shapes/race/rally/rally_assets/s_metal_fence_branding_ngrc.dae","useInstanceRenderData":true}
{"class":"TSStatic","__parent":"driftLoopTuningTent","position":[518.172974,-50.9428711,147.279816],"isRenderEnabled":false,"shapeName":"/art/shapes/garage_and_dealership/Clutter/clutter_workshop_short_bottle.dae","useInstanceRenderData":true}
{"class":"TSStatic","__parent":"driftLoopTuningTent","position":[517.552429,-49.7076759,147.804123],"isRenderEnabled":false,"rotationMatrix":[0.0489504933,0.0347693861,0.998195946,-0.579082727,0.815268755,2.98023224e-08,-0.81379801,-0.578037977,0.0600421429],"shapeName":"/art/shapes/garage_and_dealership/garage/s_ducktape.dae","useInstanceRenderData":true}
{"class":"TSStatic","__parent":"driftLoopTuningTent","position":[518.480774,-51.0274162,147.279816],"isRenderEnabled":false,"shapeName":"/art/shapes/garage_and_dealership/Clutter/clutter_workshop_short_bottle.dae","useInstanceRenderData":true}
{"class":"TSStatic","__parent":"driftLoopTuningTent","position":[514.756714,-49.6593971,146.474731],"isRenderEnabled":false,"rotationMatrix":[0.784394264,0.620262563,0,-0.620262563,0.784394264,0,0,0,1],"shapeName":"/art/shapes/garage_and_dealership/garage/s_garage_workbench_02.dae","useInstanceRenderData":true}
{"class":"TSStatic","__parent":"driftLoopTuningTent","position":[513.385803,-50.4513245,146.471375],"isRenderEnabled":false,"rotationMatrix":[0.814027488,0.580826402,0,-0.580826402,0.814027488,0,0,0,1],"shapeName":"/art/shapes/garage_and_dealership/garage/s_small_toolbox_02.dae","useInstanceRenderData":true}
{"class":"TSStatic","__parent":"driftLoopTuningTent","position":[519.277893,-52.0972748,146.844559],"isRenderEnabled":false,"rotationMatrix":[-0.0254483223,0.00615297724,0.999657333,0.000385969179,0.999981046,-0.00614514481,-0.999676168,0.000229453901,-0.0254501104],"shapeName":"/levels/west_coast_usa/art/shapes/objects/garbage_bottle_a.dae","useInstanceRenderData":true}
{"class":"TSStatic","__parent":"driftLoopTuningTent","position":[520.662537,-55.7205963,146.525909],"isRenderEnabled":false,"shapeName":"/art/shapes/garage_and_dealership/Clutter/metal_drum_a.DAE","useInstanceRenderData":true}
{"class":"TSStatic","__parent":"driftLoopTuningTent","position":[519.235657,-52.0510674,146.844482],"isRenderEnabled":false,"rotationMatrix":[-0.0254483223,0.00615297724,0.999657333,0.000385969179,0.999981046,-0.00614514481,-0.999676168,0.000229453901,-0.0254501104],"shapeName":"/levels/west_coast_usa/art/shapes/objects/garbage_bottle_a.dae","useInstanceRenderData":true}
{"class":"TSStatic","__parent":"driftLoopTuningTent","position":[519.716797,-53.3257561,146.489212],"isRenderEnabled":false,"rotationMatrix":[0.586812139,-0.809723198,0,0.809723198,0.586812139,0,0,0,1],"shapeName":"/art/shapes/garage_and_dealership/garage/s_big_toolbox_01.dae","useInstanceRenderData":true}
{"class":"TSStatic","__parent":"driftLoopTuningTent","position":[519.058594,-52.1790199,146.839005],"isRenderEnabled":false,"rotationMatrix":[-0.032443285,-0.0280997492,0.999078751,0.000288636424,0.999604404,0.0281239152,-0.99947381,0.00120079517,-0.0324223042],"shapeName":"/levels/west_coast_usa/art/shapes/objects/garbage_bottle_a.dae","useInstanceRenderData":true}
{"class":"TSStatic","__parent":"driftLoopTuningTent","position":[517.098694,-49.2775726,147.555267],"isRenderEnabled":false,"shapeName":"/art/shapes/garage_and_dealership/garage/s_ducktape.dae","useInstanceRenderData":true}
{"class":"TSStatic","__parent":"driftLoopTuningTent","position":[519.19281,-52.0015221,146.844498],"isRenderEnabled":false,"rotationMatrix":[-0.0254483223,0.00615297724,0.999657333,0.000385969179,0.999981046,-0.00614514481,-0.999676168,0.000229453901,-0.0254501104],"shapeName":"/levels/west_coast_usa/art/shapes/objects/garbage_bottle_a.dae","useInstanceRenderData":true}
{"class":"TSStatic","__parent":"driftLoopTuningTent","position":[519.303467,-52.7597961,147.555267],"isRenderEnabled":false,"shapeName":"/art/shapes/garage_and_dealership/garage/s_wrench_04.dae","useInstanceRenderData":true}
{"class":"TSStatic","__parent":"driftLoopTuningTent","position":[519.065063,-51.8965149,147.255936],"isRenderEnabled":false,"rotationMatrix":[0.593727469,-0.80466634,0,0.80466634,0.593727469,0,0,0,1],"shapeName":"/art/shapes/garage_and_dealership/Clutter/clutter_workshop_toolbox.dae","useInstanceRenderData":true}
{"class":"TSStatic","__parent":"driftLoopTuningTent","position":[518.836548,-51.4452477,147.726135],"isRenderEnabled":false,"shapeName":"/levels/west_coast_usa/art/shapes/garage/hr_tire.DAE","useInstanceRenderData":true}
{"class":"TSStatic","__parent":"driftLoopTuningTent","position":[518.398132,-51.0941353,147.279816],"isRenderEnabled":false,"shapeName":"/art/shapes/garage_and_dealership/Clutter/clutter_workshop_short_bottle.dae","useInstanceRenderData":true}
{"class":"TSStatic","__parent":"driftLoopTuningTent","position":[519.86322,-56.2705765,146.449997],"isRenderEnabled":false,"rotationMatrix":[-0.792730212,-0.609572232,0,0.609572232,-0.792730212,0,0,0,1],"shapeName":"/art/shapes/garage_and_dealership/Clutter/ind_pallet_cans.DAE","useInstanceRenderData":true}
{"class":"TSStatic","__parent":"driftLoopTuningTent","position":[519.176636,-52.0960732,146.841492],"isRenderEnabled":false,"rotationMatrix":[-0.032443285,-0.0280997492,0.999078751,0.000288636424,0.999604404,0.0281239152,-0.99947381,0.00120079517,-0.0324223042],"shapeName":"/levels/west_coast_usa/art/shapes/objects/garbage_bottle_a.dae","useInstanceRenderData":true}
{"class":"TSStatic","__parent":"driftLoopTuningTent","position":[518.77063,-56.0875511,146.702972],"isRenderEnabled":false,"shapeName":"/art/shapes/garage_and_dealership/Clutter/plastic_can_small.DAE","useInstanceRenderData":true}
{"class":"TSStatic","__parent":"driftLoopTuningTent","position":[519.117615,-52.1340141,146.841995],"isRenderEnabled":false,"rotationMatrix":[-0.0254483223,0.00615297724,0.999657333,0.000385969179,0.999981046,-0.00614514481,-0.999676168,0.000229453901,-0.0254501104],"shapeName":"/levels/west_coast_usa/art/shapes/objects/garbage_bottle_a.dae","useInstanceRenderData":true}
{"class":"TSStatic","__parent":"driftLoopTuningTent","position":[507.102661,-44.2764549,147.32254],"isRenderEnabled":false,"rotationMatrix":[-0.0107110739,0.999942839,-6.0620252e-05,-0.999926865,-0.0107113123,-0.00565926079,-0.00565958582,-2.32830644e-10,0.999983966],"shapeName":"/art/shapes/race/rally/rally_assets/s_metal_fence_branding_rotopad.dae","useInstanceRenderData":true}
{"class":"TSStatic","__parent":"driftLoopTuningTent","position":[517.413147,-49.9723434,146.489212],"isRenderEnabled":false,"rotationMatrix":[0.586812139,-0.809723198,0,0.809723198,0.586812139,0,0,0,1],"shapeName":"/art/shapes/garage_and_dealership/garage/s_big_toolbox_01.dae","useInstanceRenderData":true}
{"class":"TSStatic","__parent":"driftLoopTuningTent","position":[518.922302,-51.6018562,146.777588],"isRenderEnabled":false,"rotationMatrix":[0.805365682,0.592778385,0,-0.592778385,0.805365682,0,0,0,1],"shapeName":"/art/shapes/garage_and_dealership/Clutter/cbbox_new_b.DAE","useInstanceRenderData":true}
{"class":"TSStatic","__parent":"driftLoopTuningTent","position":[518.509827,-50.8594322,147.279816],"isRenderEnabled":false,"shapeName":"/art/shapes/garage_and_dealership/Clutter/clutter_workshop_short_bottle.dae","useInstanceRenderData":true}
{"class":"TSStatic","__parent":"driftLoopTuningTent","position":[519.133789,-52.0465279,146.841507],"isRenderEnabled":false,"rotationMatrix":[-0.032443285,-0.0280997492,0.999078751,0.000288636424,0.999604404,0.0281239152,-0.99947381,0.00120079517,-0.0324223042],"shapeName":"/levels/west_coast_usa/art/shapes/objects/garbage_bottle_a.dae","useInstanceRenderData":true}
{"class":"TSStatic","__parent":"driftLoopTuningTent","position":[523.335388,-44.732872,146.18602],"isRenderEnabled":false,"shapeName":"/art/shapes/garage_and_dealership/garage/s_garage_workbench_01.dae","useInstanceRenderData":true}
{"class":"TSStatic","__parent":"driftLoopTuningTent","position":[518.471252,-50.9755173,147.726135],"isRenderEnabled":false,"shapeName":"/levels/west_coast_usa/art/shapes/garage/hr_tire.DAE","useInstanceRenderData":true}
{"class":"TSStatic","__parent":"driftLoopTuningTent","position":[519.074768,-52.0844688,146.84201],"isRenderEnabled":false,"rotationMatrix":[-0.0254483223,0.00615297724,0.999657333,0.000385969179,0.999981046,-0.00614514481,-0.999676168,0.000229453901,-0.0254501104],"shapeName":"/levels/west_coast_usa/art/shapes/objects/garbage_bottle_a.dae","useInstanceRenderData":true}
{"class":"TSStatic","__parent":"driftLoopTuningTent","position":[523.786926,-50.0035629,147.399048],"isRenderEnabled":false,"rotationMatrix":[0.999542117,-0.030258229,-6.06211397e-05,0.030257402,0.999526143,-0.00565926591,0.000231831698,0.00565484026,0.999983966],"shapeName":"/art/shapes/race/rally/rally_assets/s_metal_fence_branding_rotopad.dae","useInstanceRenderData":true}
{"class":"TSStatic","__parent":"driftLoopTuningTent","position":[523.742676,-46.6287117,147.338989],"isRenderEnabled":false,"rotationMatrix":[0.999778152,0.0210623797,2.81950925e-05,-0.0210596714,0.999669313,-0.0147570092,-0.000339003396,0.0147531424,0.999891102],"shapeName":"/art/shapes/race/rally/rally_assets/s_metal_fence_branding_ngrc.dae","useInstanceRenderData":true}
{"class":"TSStatic","__parent":"driftLoopTuningTent","position":[523.743164,-64.2083511,147.568222],"isRenderEnabled":false,"rotationMatrix":[0.999800801,-0.0199590027,-6.06211361e-05,0.0199583396,0.999784768,-0.00565926917,0.000173561391,0.00565693155,0.999983966],"shapeName":"/art/shapes/race/rally/rally_assets/s_metal_fence_branding_rotopad.dae","useInstanceRenderData":true}
{"class":"TSStatic","__parent":"driftLoopTuningTent","position":[523.656738,-71.1458588,147.584061],"isRenderEnabled":false,"rotationMatrix":[0.999993682,0.00354793086,-6.06211834e-05,-0.00354821724,0.999977708,-0.00565927289,4.05411265e-05,0.00565945264,0.999983966],"shapeName":"/art/shapes/race/rally/rally_assets/s_metal_fence_branding_rotopad.dae","useInstanceRenderData":true}
{"class":"TSStatic","__parent":"driftLoopTuningTent","position":[523.700806,-78.0933838,147.584061],"isRenderEnabled":false,"rotationMatrix":[0.999942183,-0.0107522206,-6.06212234e-05,0.0107517047,0.999926209,-0.00565927522,0.000121466495,0.0056582964,0.999983966],"shapeName":"/art/shapes/race/rally/rally_assets/s_metal_fence_branding_rotopad.dae","useInstanceRenderData":true}
{"class":"TSStatic","__parent":"driftLoopTuningTent","position":[523.742676,-53.6942291,147.490952],"isRenderEnabled":false,"rotationMatrix":[0.999778152,0.021049941,0.000724302721,-0.0210596714,0.999610901,0.0182906669,-0.000339003484,-0.0183018614,0.999832451],"shapeName":"/art/shapes/race/rally/rally_assets/s_metal_fence_branding_ngrc.dae","useInstanceRenderData":true}
{"class":"TSStatic","__parent":"driftLoopTuningTent","position":[523.692017,-67.5195694,147.586853],"isRenderEnabled":false,"rotationMatrix":[0.999191642,-0.040177919,0.00133860286,0.0401856378,0.999172091,-0.00634681201,-0.00108249288,0.00639547454,0.99997896],"shapeName":"/art/shapes/race/rally/rally_assets/s_metal_fence_branding_ngrc.dae","useInstanceRenderData":true}
{"class":"TSStatic","__parent":"driftLoopTuningTent","position":[523.693848,-81.6741562,147.586853],"isRenderEnabled":false,"rotationMatrix":[0.999951124,-0.00979848858,0.00133860298,0.00980679598,0.999931753,-0.0063468134,-0.00127632241,0.00635963026,0.99997896],"shapeName":"/art/shapes/race/rally/rally_assets/s_metal_fence_branding_ngrc.dae","useInstanceRenderData":true}
{"class":"TSStatic","__parent":"driftLoopTuningTent","position":[523.693848,-74.6424103,147.586853],"isRenderEnabled":false,"rotationMatrix":[0.999951124,-0.00979848858,0.00133860298,0.00980679598,0.999931753,-0.0063468134,-0.00127632241,0.00635963026,0.99997896],"shapeName":"/art/shapes/race/rally/rally_assets/s_metal_fence_branding_ngrc.dae","useInstanceRenderData":true}
{"name":"Drift Loop Tuning Tent_area","class":"BeamNGGameplayArea","__parent":"driftLoopTuningTent","position":[516.490723,-53.1536827,146.443588],"rotationMatrix":[0.792555869,0.609799325,0,-0.609799325,0.792555869,0,0,0,1],"scale":[3.16893911,5.04466534,1]}
{"name":"Drift Loop Tuning Tent_icon","class":"BeamNGPointOfInterest","__parent":"driftLoopTuningTent","position":[515.112976,-49.4019394,147.765884],"scale":[1,1,1.30600595]}
