{"name":"Mesh Spline 2_Main_66","class":"TSStatic","__parent":"Mesh Spline 2 - 3b99f964-ec01-4037-aac1-9d67fd6c1b7a","position":[154.296707,-887.922241,144.313293],"isRenderEnabled":false,"rotationMatrix":[-0.730546713,0.663933814,-0.159666389,-0.682860196,-0.709654689,0.173470929,0.00186520815,0.235758439,0.971809924],"shapeName":"/levels/west_coast_usa/art/shapes/objects/barrierfence_plain.dae"}
{"name":"Mesh Spline 2_Main_67","class":"TSStatic","__parent":"Mesh Spline 2 - 3b99f964-ec01-4037-aac1-9d67fd6c1b7a","position":[156.383301,-889.755737,144.747208],"isRenderEnabled":false,"rotationMatrix":[-0.759126186,0.632046878,-0.155705422,-0.65018338,-0.747784495,0.134461284,-0.0314482711,0.203310162,0.978609204],"shapeName":"/levels/west_coast_usa/art/shapes/objects/barrierfence_plain.dae"}
{"name":"Mesh Spline 2_Main_68","class":"TSStatic","__parent":"Mesh Spline 2 - 3b99f964-ec01-4037-aac1-9d67fd6c1b7a","position":[158.547913,-891.499512,145.167328],"isRenderEnabled":false,"rotationMatrix":[-0.78720665,0.596393585,-0.156908438,-0.614748359,-0.779073834,0.122997671,-0.0488882363,0.193283796,0.979924142],"shapeName":"/levels/west_coast_usa/art/shapes/objects/barrierfence_plain.dae"}
{"name":"Mesh Spline 2_Main_69","class":"TSStatic","__parent":"Mesh Spline 2 - 3b99f964-ec01-4037-aac1-9d67fd6c1b7a","position":[160.796051,-893.136475,145.576065],"isRenderEnabled":false,"rotationMatrix":[-0.81446135,0.560196936,-0.151102394,-0.576682508,-0.810270667,0.104396135,-0.0639514551,0.172164738,0.982990086],"shapeName":"/levels/west_coast_usa/art/shapes/objects/barrierfence_plain.dae"}
{"name":"Mesh Spline 2_Main_70","class":"TSStatic","__parent":"Mesh Spline 2 - 3b99f964-ec01-4037-aac1-9d67fd6c1b7a","position":[163.134201,-894.645447,145.966675],"isRenderEnabled":false,"rotationMatrix":[-0.847534537,0.511567473,-0.141365156,-0.526797175,-0.843256235,0.106789663,-0.0645769089,0.164978668,0.984180808],"shapeName":"/levels/west_coast_usa/art/shapes/objects/barrierfence_plain.dae"}
{"name":"Mesh Spline 2_Main_71","class":"TSStatic","__parent":"Mesh Spline 2 - 3b99f964-ec01-4037-aac1-9d67fd6c1b7a","position":[165.568039,-896.002197,146.313477],"isRenderEnabled":false,"rotationMatrix":[-0.889281034,0.445580989,-0.103135586,-0.447803348,-0.894130349,-0.00178824738,-0.0930134654,0.0445942096,0.994665682],"shapeName":"/levels/west_coast_usa/art/shapes/objects/barrierfence_plain.dae"}
{"name":"Mesh Spline 2_Main_72","class":"TSStatic","__parent":"Mesh Spline 2 - 3b99f964-ec01-4037-aac1-9d67fd6c1b7a","position":[168.092377,-897.199158,146.588806],"isRenderEnabled":false,"rotationMatrix":[-0.90979135,0.406356156,-0.0845837295,-0.408402205,-0.912769556,0.00769942068,-0.0740767568,0.0415490493,0.996386647],"shapeName":"/levels/west_coast_usa/art/shapes/objects/barrierfence_plain.dae"}
{"name":"Mesh Spline 2_Main_73","class":"TSStatic","__parent":"Mesh Spline 2 - 3b99f964-ec01-4037-aac1-9d67fd6c1b7a","position":[170.685547,-898.250732,146.822678],"isRenderEnabled":false,"rotationMatrix":[-0.930516601,0.358319849,-0.0757985041,-0.360458404,-0.932633638,0.016245883,-0.0648710206,0.0424392745,0.9969908],"shapeName":"/levels/west_coast_usa/art/shapes/objects/barrierfence_plain.dae"}
{"name":"Mesh Spline 2_Main_74","class":"TSStatic","__parent":"Mesh Spline 2 - 3b99f964-ec01-4037-aac1-9d67fd6c1b7a","position":[173.327744,-899.184326,147.018738],"isRenderEnabled":false,"rotationMatrix":[-0.949848771,0.306646526,-0.061282739,-0.30813992,-0.951200128,0.0163848419,-0.0532677844,0.0344467759,0.997985959],"shapeName":"/levels/west_coast_usa/art/shapes/objects/barrierfence_plain.dae"}
{"name":"Mesh Spline 2_Main_75","class":"TSStatic","__parent":"Mesh Spline 2 - 3b99f964-ec01-4037-aac1-9d67fd6c1b7a","position":[176.003372,-900.033936,147.166519],"isRenderEnabled":false,"rotationMatrix":[-0.953287721,0.29656294,-0.0573848337,-0.297897786,-0.954461932,0.0161062814,-0.0499951094,0.0324487314,0.998222232],"shapeName":"/levels/west_coast_usa/art/shapes/objects/barrierfence_plain.dae"}
{"name":"Mesh Spline 2_Main_76","class":"TSStatic","__parent":"Mesh Spline 2 - 3b99f964-ec01-4037-aac1-9d67fd6c1b7a","position":[178.696777,-900.832825,147.283966],"isRenderEnabled":false,"rotationMatrix":[-0.962267518,0.269083232,-0.0404386967,-0.269883782,-0.962764144,0.015745284,-0.0346961394,0.0260649268,0.999057949],"shapeName":"/levels/west_coast_usa/art/shapes/objects/barrierfence_plain.dae"}
{"name":"Mesh Spline 2_Main_77","class":"TSStatic","__parent":"Mesh Spline 2 - 3b99f964-ec01-4037-aac1-9d67fd6c1b7a","position":[181.397247,-901.611694,147.37616],"isRenderEnabled":false,"rotationMatrix":[-0.959735632,0.279068351,-0.0320722498,-0.279309869,-0.960195661,0.00322430348,-0.0298958328,0.0120525751,0.999480367],"shapeName":"/levels/west_coast_usa/art/shapes/objects/barrierfence_plain.dae"}
{"name":"Mesh Spline 2_Main_78","class":"TSStatic","__parent":"Mesh Spline 2 - 3b99f964-ec01-4037-aac1-9d67fd6c1b7a","position":[184.097168,-902.394531,147.451645],"isRenderEnabled":false,"rotationMatrix":[-0.958475828,0.283970445,-0.0261677988,-0.285126179,-0.955946088,0.0697861388,-0.00519780535,0.0743494555,0.997218728],"shapeName":"/levels/west_coast_usa/art/shapes/objects/barrierfence_plain.dae"}
{"name":"Mesh Spline 2_Main_79","class":"TSStatic","__parent":"Mesh Spline 2 - 3b99f964-ec01-4037-aac1-9d67fd6c1b7a","position":[186.800369,-903.167053,147.512939],"isRenderEnabled":false,"rotationMatrix":[-0.962021947,0.271457702,-0.0287119914,-0.272646815,-0.960678101,0.0525470078,-0.0133186933,0.0583796129,0.998205602],"shapeName":"/levels/west_coast_usa/art/shapes/objects/barrierfence_plain.dae"}
{"name":"Mesh Spline 2_Main_80","class":"TSStatic","__parent":"Mesh Spline 2 - 3b99f964-ec01-4037-aac1-9d67fd6c1b7a","position":[189.514847,-903.899536,147.56485],"isRenderEnabled":false,"rotationMatrix":[-0.965189219,0.261179894,-0.0139570758,-0.261489362,-0.964754224,0.0295429453,-0.00574912317,0.0321641602,0.999466062],"shapeName":"/levels/west_coast_usa/art/shapes/objects/barrierfence_plain.dae"}
{"name":"Mesh Spline 2_Main_81","class":"TSStatic","__parent":"Mesh Spline 2 - 3b99f964-ec01-4037-aac1-9d67fd6c1b7a","position":[192.240219,-904.590881,147.612244],"isRenderEnabled":false,"rotationMatrix":[-0.972184539,0.233738005,-0.0149603207,-0.233737409,-0.972298145,-0.00181216013,-0.0149694607,0.00173503265,0.999886453],"shapeName":"/levels/west_coast_usa/art/shapes/objects/barrierfence_plain.dae"}
{"name":"Mesh Spline 2_Main_82","class":"TSStatic","__parent":"Mesh Spline 2 - 3b99f964-ec01-4037-aac1-9d67fd6c1b7a","position":[194.973602,-905.249695,147.663025],"isRenderEnabled":false,"rotationMatrix":[-0.974198222,0.225247815,-0.0141818067,-0.225514129,-0.974005938,0.0213476028,-0.00900466274,0.0239949953,0.999671519],"shapeName":"/levels/west_coast_usa/art/shapes/objects/barrierfence_plain.dae"}
{"name":"Mesh Spline 2_Main_83","class":"TSStatic","__parent":"Mesh Spline 2 - 3b99f964-ec01-4037-aac1-9d67fd6c1b7a","position":[197.712784,-905.88324,147.72345],"isRenderEnabled":false,"rotationMatrix":[-0.974138737,0.224366978,-0.0267066956,-0.224516764,-0.974466443,0.00270956894,-0.0254168399,0.0086355973,0.99963963],"shapeName":"/levels/west_coast_usa/art/shapes/objects/barrierfence_plain.dae"}
{"name":"Mesh Spline 2_Main_84","class":"TSStatic","__parent":"Mesh Spline 2 - 3b99f964-ec01-4037-aac1-9d67fd6c1b7a","position":[200.456146,-906.497437,147.79393],"isRenderEnabled":false,"rotationMatrix":[-0.97595048,0.215139687,-0.0351495296,-0.214591533,-0.976524234,-0.0187315866,-0.0383542776,-0.0107383095,0.999206483],"shapeName":"/levels/west_coast_usa/art/shapes/objects/barrierfence_plain.dae"}
{"name":"Mesh Spline 2_Main_85","class":"TSStatic","__parent":"Mesh Spline 2 - 3b99f964-ec01-4037-aac1-9d67fd6c1b7a","position":[203.202515,-907.097595,147.868927],"isRenderEnabled":false,"rotationMatrix":[-0.977760315,0.206921905,-0.0341801345,-0.207309335,-0.978241444,0.00817019958,-0.0317458287,0.0150743565,0.999382317],"shapeName":"/levels/west_coast_usa/art/shapes/objects/barrierfence_plain.dae"}
{"name":"Mesh Spline 2_Main_86","class":"TSStatic","__parent":"Mesh Spline 2 - 3b99f964-ec01-4037-aac1-9d67fd6c1b7a","position":[205.950958,-907.688354,147.942535],"isRenderEnabled":false,"rotationMatrix":[-0.978156805,0.204748392,-0.035877984,-0.204973668,-0.9787637,0.00267845811,-0.0345676653,0.00997399539,0.999352574],"shapeName":"/levels/west_coast_usa/art/shapes/objects/barrierfence_plain.dae"}
{"name":"Mesh Spline 2_Main_87","class":"TSStatic","__parent":"Mesh Spline 2 - 3b99f964-ec01-4037-aac1-9d67fd6c1b7a","position":[208.700607,-908.273865,148.013229],"isRenderEnabled":false,"rotationMatrix":[-0.977521062,0.209599897,-0.0228108168,-0.20962216,-0.977781296,-0.00143755763,-0.0226053037,0.00337640964,0.999738753],"shapeName":"/levels/west_coast_usa/art/shapes/objects/barrierfence_plain.dae"}
{"name":"Mesh Spline 2_Main_88","class":"TSStatic","__parent":"Mesh Spline 2 - 3b99f964-ec01-4037-aac1-9d67fd6c1b7a","position":[211.450668,-908.858032,148.078308],"isRenderEnabled":false,"rotationMatrix":[-0.97785449,0.207718194,-0.0255717896,-0.207833499,-0.978162408,0.0019076087,-0.0246171169,0.00718003791,0.999671161],"shapeName":"/levels/west_coast_usa/art/shapes/objects/barrierfence_plain.dae"}
{"name":"Mesh Spline 2_Main_89","class":"TSStatic","__parent":"Mesh Spline 2 - 3b99f964-ec01-4037-aac1-9d67fd6c1b7a","position":[214.200378,-909.444519,148.137421],"isRenderEnabled":false,"rotationMatrix":[-0.977722883,0.208352908,-0.0254339259,-0.208416715,-0.97803998,-0.000144828577,-0.0249055754,0.00515925325,0.999676466],"shapeName":"/levels/west_coast_usa/art/shapes/objects/barrierfence_plain.dae"}
{"name":"Mesh Spline 2_Main_90","class":"TSStatic","__parent":"Mesh Spline 2 - 3b99f964-ec01-4037-aac1-9d67fd6c1b7a","position":[216.948929,-910.036926,148.191406],"isRenderEnabled":false,"rotationMatrix":[-0.978451729,0.204711869,-0.0269288793,-0.205083922,-0.978672743,0.011838627,-0.0239310525,0.0171062052,0.99956727],"shapeName":"/levels/west_coast_usa/art/shapes/objects/barrierfence_plain.dae"}
{"name":"Mesh Spline 2_Main_91","class":"TSStatic","__parent":"Mesh Spline 2 - 3b99f964-ec01-4037-aac1-9d67fd6c1b7a","position":[219.695511,-910.638672,148.241165],"isRenderEnabled":false,"rotationMatrix":[-0.977672577,0.209636658,-0.0144558894,-0.209734321,-0.977742434,0.00559112383,-0.0129620312,0.00849818438,0.999879897],"shapeName":"/levels/west_coast_usa/art/shapes/objects/barrierfence_plain.dae"}
{"name":"Mesh Spline 2_Main_92","class":"TSStatic","__parent":"Mesh Spline 2 - 3b99f964-ec01-4037-aac1-9d67fd6c1b7a","position":[222.439301,-911.253296,148.287125],"isRenderEnabled":false,"rotationMatrix":[-0.977007151,0.213105172,-0.00658688182,-0.213157624,-0.976979256,0.00867967866,-0.00458556274,0.0098841507,0.999940634],"shapeName":"/levels/west_coast_usa/art/shapes/objects/barrierfence_plain.dae"}
{"name":"Mesh Spline 2_Main_93","class":"TSStatic","__parent":"Mesh Spline 2 - 3b99f964-ec01-4037-aac1-9d67fd6c1b7a","position":[225.180283,-911.880737,148.327866],"isRenderEnabled":false,"rotationMatrix":[-0.974929214,0.222073629,-0.0140162092,-0.222073212,-0.975028753,-0.00160493841,-0.0140226204,0.00154792308,0.99990046],"shapeName":"/levels/west_coast_usa/art/shapes/objects/barrierfence_plain.dae"}
{"name":"Mesh Spline 2_Main_94","class":"TSStatic","__parent":"Mesh Spline 2 - 3b99f964-ec01-4037-aac1-9d67fd6c1b7a","position":[227.919479,-912.516174,148.365021],"isRenderEnabled":false,"rotationMatrix":[-0.975827575,0.21849829,-0.00436105207,-0.218514115,-0.975827217,0.00355397933,-0.00347909518,0.00442102272,0.999984205],"shapeName":"/levels/west_coast_usa/art/shapes/objects/barrierfence_plain.dae"}
{"name":"Mesh Spline 2_Main_95","class":"TSStatic","__parent":"Mesh Spline 2 - 3b99f964-ec01-4037-aac1-9d67fd6c1b7a","position":[230.657623,-913.15625,148.399658],"isRenderEnabled":false,"rotationMatrix":[-0.973947763,0.226554528,-0.00992326252,-0.226643488,-0.973936081,0.00899707526,-0.00762629695,0.0110117253,0.999910295],"shapeName":"/levels/west_coast_usa/art/shapes/objects/barrierfence_plain.dae"}
{"name":"Mesh Spline 2_Main_96","class":"TSStatic","__parent":"Mesh Spline 2 - 3b99f964-ec01-4037-aac1-9d67fd6c1b7a","position":[233.39505,-913.799683,148.429352],"isRenderEnabled":false,"rotationMatrix":[-0.971848965,0.235386074,-0.0101580778,-0.235332072,-0.971895218,-0.00623589754,-0.0113404291,-0.00366982818,0.999928951],"shapeName":"/levels/west_coast_usa/art/shapes/objects/barrierfence_plain.dae"}
{"name":"Mesh Spline 2_Main_97","class":"TSStatic","__parent":"Mesh Spline 2 - 3b99f964-ec01-4037-aac1-9d67fd6c1b7a","position":[236.132004,-914.445251,148.455627],"isRenderEnabled":false,"rotationMatrix":[-0.973428011,0.228505015,-0.0149490219,-0.228631407,-0.973485351,0.00735396333,-0.0128722358,0.0105763692,0.99986124],"shapeName":"/levels/west_coast_usa/art/shapes/objects/barrierfence_plain.dae"}
{"name":"Mesh Spline 2_Main_98","class":"TSStatic","__parent":"Mesh Spline 2 - 3b99f964-ec01-4037-aac1-9d67fd6c1b7a","position":[238.868729,-915.091919,148.478333],"isRenderEnabled":false,"rotationMatrix":[-0.974495411,0.224170178,-0.01030715,-0.224162459,-0.97454989,-0.00191303832,-0.0104736779,0.000446228834,0.999945045],"shapeName":"/levels/west_coast_usa/art/shapes/objects/barrierfence_plain.dae"}
{"name":"Mesh Spline 2_Main_99","class":"TSStatic","__parent":"Mesh Spline 2 - 3b99f964-ec01-4037-aac1-9d67fd6c1b7a","position":[241.605469,-915.738647,148.497452],"isRenderEnabled":false,"rotationMatrix":[-0.97382915,0.227072105,-0.00975116808,-0.227023229,-0.973871708,-0.0058702589,-0.0108293584,-0.00350288721,0.99993521],"shapeName":"/levels/west_coast_usa/art/shapes/objects/barrierfence_plain.dae"}
{"name":"Mesh Spline 2_Main_100","class":"TSStatic","__parent":"Mesh Spline 2 - 3b99f964-ec01-4037-aac1-9d67fd6c1b7a","position":[244.342438,-916.38446,148.511734],"isRenderEnabled":false,"rotationMatrix":[-0.973507524,0.228580534,-0.00583740603,-0.228620917,-0.973486066,0.0075742919,-0.00395129807,0.00870818272,0.999954283],"shapeName":"/levels/west_coast_usa/art/shapes/objects/barrierfence_plain.dae"}
{"name":"Mesh Spline 2_Main_101","class":"TSStatic","__parent":"Mesh Spline 2 - 3b99f964-ec01-4037-aac1-9d67fd6c1b7a","position":[247.07988,-917.028442,148.521942],"isRenderEnabled":false,"rotationMatrix":[-0.972555995,0.232635811,0.00394600723,-0.232596889,-0.972536564,0.00844968669,0.00580333546,0.00729996338,0.999956489],"shapeName":"/levels/west_coast_usa/art/shapes/objects/barrierfence_plain.dae"}
{"name":"Mesh Spline 2_Main_102","class":"TSStatic","__parent":"Mesh Spline 2 - 3b99f964-ec01-4037-aac1-9d67fd6c1b7a","position":[249.817993,-917.669556,148.529205],"isRenderEnabled":false,"rotationMatrix":[-0.973650932,0.227890566,0.00837171264,-0.227951035,-0.973646522,-0.00715176994,0.00652126689,-0.00887166709,0.999939382],"shapeName":"/levels/west_coast_usa/art/shapes/objects/barrierfence_plain.dae"}
{"name":"Mesh Spline 2_Main_103","class":"TSStatic","__parent":"Mesh Spline 2 - 3b99f964-ec01-4037-aac1-9d67fd6c1b7a","position":[252.556976,-918.306946,148.525467],"isRenderEnabled":false,"rotationMatrix":[-0.975671649,0.2192377,0.000104167208,-0.219236955,-0.975669265,0.0021840916,0.000580467924,0.0021081185,0.999997616],"shapeName":"/levels/west_coast_usa/art/shapes/objects/barrierfence_plain.dae"}
{"name":"Mesh Spline 2_Main_104","class":"TSStatic","__parent":"Mesh Spline 2 - 3b99f964-ec01-4037-aac1-9d67fd6c1b7a","position":[255.297012,-918.939514,148.508102],"isRenderEnabled":false,"rotationMatrix":[-0.973993182,0.226121873,0.0143534997,-0.225981414,-0.97407198,0.0107720327,0.0164171346,0.00724826241,0.999838948],"shapeName":"/levels/west_coast_usa/art/shapes/objects/barrierfence_plain.dae"}
{"name":"Mesh Spline 2_Main_105","class":"TSStatic","__parent":"Mesh Spline 2 - 3b99f964-ec01-4037-aac1-9d67fd6c1b7a","position":[258.03833,-919.566406,148.482239],"isRenderEnabled":false,"rotationMatrix":[-0.976822376,0.213979527,0.00555516127,-0.213958696,-0.976834059,0.00411220919,0.00630639959,0.00282832258,0.999976099],"shapeName":"/levels/west_coast_usa/art/shapes/objects/barrierfence_plain.dae"}
{"name":"Mesh Spline 2_Main_106","class":"TSStatic","__parent":"Mesh Spline 2 - 3b99f964-ec01-4037-aac1-9d67fd6c1b7a","position":[260.781128,-920.186401,148.451263],"isRenderEnabled":false,"rotationMatrix":[-0.977448463,0.210597113,0.0155992964,-0.21069704,-0.977538347,-0.00504826289,0.0141857611,-0.00822114293,0.999865592],"shapeName":"/levels/west_coast_usa/art/shapes/objects/barrierfence_plain.dae"}
{"name":"Mesh Spline 2_Main_107","class":"TSStatic","__parent":"Mesh Spline 2 - 3b99f964-ec01-4037-aac1-9d67fd6c1b7a","position":[263.525574,-920.798462,148.411789],"isRenderEnabled":false,"rotationMatrix":[-0.976044893,0.216198117,0.0243817158,-0.216154844,-0.976348877,0.00442843325,0.0247624852,-0.000947875669,0.999692917],"shapeName":"/levels/west_coast_usa/art/shapes/objects/barrierfence_plain.dae"}
{"name":"Mesh Spline 2_Main_108","class":"TSStatic","__parent":"Mesh Spline 2 - 3b99f964-ec01-4037-aac1-9d67fd6c1b7a","position":[266.271881,-921.401367,148.360474],"isRenderEnabled":false,"rotationMatrix":[-0.97729969,0.210949689,0.019626569,-0.211149067,-0.977415085,-0.00868809968,0.0173505545,-0.0126350094,0.999769628],"shapeName":"/levels/west_coast_usa/art/shapes/objects/barrierfence_plain.dae"}
{"name":"Mesh Spline 2_Main_109","class":"TSStatic","__parent":"Mesh Spline 2 - 3b99f964-ec01-4037-aac1-9d67fd6c1b7a","position":[269.020416,-921.993713,148.30513],"isRenderEnabled":false,"rotationMatrix":[-0.975631356,0.218254805,0.0225476623,-0.218435973,-0.975833535,-0.00588066643,0.0207192823,-0.0106625818,0.999728501],"shapeName":"/levels/west_coast_usa/art/shapes/objects/barrierfence_plain.dae"}
{"name":"Mesh Spline 2_Main_110","class":"TSStatic","__parent":"Mesh Spline 2 - 3b99f964-ec01-4037-aac1-9d67fd6c1b7a","position":[271.771423,-922.574219,148.248016],"isRenderEnabled":false,"rotationMatrix":[-0.978542089,0.204654545,0.023916496,-0.204502165,-0.978827715,0.00867850799,0.0251862239,0.00360130984,0.999676287],"shapeName":"/levels/west_coast_usa/art/shapes/objects/barrierfence_plain.dae"}
{"name":"Mesh Spline 2_Main_111","class":"TSStatic","__parent":"Mesh Spline 2 - 3b99f964-ec01-4037-aac1-9d67fd6c1b7a","position":[274.522614,-923.153198,148.183945],"isRenderEnabled":false,"rotationMatrix":[-0.977009296,0.21114172,0.0295361411,-0.211217389,-0.977439046,0.000569454394,0.0289900098,-0.0056821839,0.999563575],"shapeName":"/levels/west_coast_usa/art/shapes/objects/barrierfence_plain.dae"}
{"name":"Mesh Spline 2_Main_112","class":"TSStatic","__parent":"Mesh Spline 2 - 3b99f964-ec01-4037-aac1-9d67fd6c1b7a","position":[277.270599,-923.746277,148.113205],"isRenderEnabled":false,"rotationMatrix":[-0.977966666,0.20717217,0.0257081669,-0.207150742,-0.978302717,0.00352286408,0.0258802082,-0.00188022235,0.999663293],"shapeName":"/levels/west_coast_usa/art/shapes/objects/barrierfence_plain.dae"}
{"name":"Mesh Spline 2_Main_113","class":"TSStatic","__parent":"Mesh Spline 2 - 3b99f964-ec01-4037-aac1-9d67fd6c1b7a","position":[280.015167,-924.355164,148.042953],"isRenderEnabled":false,"rotationMatrix":[-0.973941088,0.226057664,0.0183526911,-0.22611551,-0.974099874,-0.00111270999,0.0176258162,-0.00523354206,0.999830961],"shapeName":"/levels/west_coast_usa/art/shapes/objects/barrierfence_plain.dae"}
{"name":"Mesh Spline 2_Main_114","class":"TSStatic","__parent":"Mesh Spline 2 - 3b99f964-ec01-4037-aac1-9d67fd6c1b7a","position":[282.756073,-924.973694,148.066605],"isRenderEnabled":false,"rotationMatrix":[-0.973721862,0.223867506,-0.041820772,-0.224306285,-0.974499822,0.00605167681,-0.0393995643,0.0152733121,0.999106824],"shapeName":"/levels/west_coast_usa/art/shapes/objects/barrierfence_plain.dae"}
{"name":"Mesh Spline 2_Main_115","class":"TSStatic","__parent":"Mesh Spline 2 - 3b99f964-ec01-4037-aac1-9d67fd6c1b7a","position":[285.484283,-925.593933,148.308945],"isRenderEnabled":false,"rotationMatrix":[-0.967023849,0.214370579,-0.137512952,-0.219394177,-0.975381374,0.0222987346,-0.129347384,0.0517329536,0.990248919],"shapeName":"/levels/west_coast_usa/art/shapes/objects/barrierfence_plain.dae"}
{"name":"Mesh Spline 2_Main_116","class":"TSStatic","__parent":"Mesh Spline 2 - 3b99f964-ec01-4037-aac1-9d67fd6c1b7a","position":[288.205811,-926.211792,148.649872],"isRenderEnabled":false,"rotationMatrix":[-0.968175888,0.222326607,-0.114918977,-0.22753197,-0.973170161,0.0341923982,-0.104233831,0.0592519939,0.992786229],"shapeName":"/levels/west_coast_usa/art/shapes/objects/barrierfence_plain.dae"}
{"name":"Mesh Spline 2_Main_117","class":"TSStatic","__parent":"Mesh Spline 2 - 3b99f964-ec01-4037-aac1-9d67fd6c1b7a","position":[290.938141,-926.825684,148.892792],"isRenderEnabled":false,"rotationMatrix":[-0.971948385,0.226693735,-0.0626587868,-0.231281206,-0.969629169,0.0795507208,-0.0427221321,0.0918109939,0.994859576],"shapeName":"/levels/west_coast_usa/art/shapes/objects/barrierfence_plain.dae"}
{"name":"Mesh Spline 2_Main_118","class":"TSStatic","__parent":"Mesh Spline 2 - 3b99f964-ec01-4037-aac1-9d67fd6c1b7a","position":[293.67923,-927.429321,149.066589],"isRenderEnabled":false,"rotationMatrix":[-0.974238515,0.215756088,-0.0656390712,-0.221183151,-0.970940709,0.0913905501,-0.0440135747,0.103554457,0.993649483],"shapeName":"/levels/west_coast_usa/art/shapes/objects/barrierfence_plain.dae"}
{"name":"Mesh Spline 2_Main_119","class":"TSStatic","__parent":"Mesh Spline 2 - 3b99f964-ec01-4037-aac1-9d67fd6c1b7a","position":[296.424652,-928.015686,149.231079],"isRenderEnabled":false,"rotationMatrix":[-0.976298213,0.209374487,-0.0548106059,-0.214547575,-0.969585299,0.117787018,-0.0284819603,0.126754731,0.991525114],"shapeName":"/levels/west_coast_usa/art/shapes/objects/barrierfence_plain.dae"}
{"name":"Mesh Spline 2_Main_120","class":"TSStatic","__parent":"Mesh Spline 2 - 3b99f964-ec01-4037-aac1-9d67fd6c1b7a","position":[299.176392,-928.578186,149.368484],"isRenderEnabled":false,"rotationMatrix":[-0.979041576,0.200109288,-0.0378687754,-0.203206733,-0.972233891,0.116053976,-0.0135938236,0.121316843,0.99252075],"shapeName":"/levels/west_coast_usa/art/shapes/objects/barrierfence_plain.dae"}
{"name":"Mesh Spline 2_Main_121","class":"TSStatic","__parent":"Mesh Spline 2 - 3b99f964-ec01-4037-aac1-9d67fd6c1b7a","position":[301.935333,-929.109253,149.485931],"isRenderEnabled":false,"rotationMatrix":[-0.980819106,0.187953979,-0.0516419485,-0.193914592,-0.967761159,0.160732895,-0.0197666902,0.167664051,0.985646009],"shapeName":"/levels/west_coast_usa/art/shapes/objects/barrierfence_plain.dae"}
{"name":"Mesh Spline 2_Main_122","class":"TSStatic","__parent":"Mesh Spline 2 - 3b99f964-ec01-4037-aac1-9d67fd6c1b7a","position":[304.702667,-929.599609,149.577591],"isRenderEnabled":false,"rotationMatrix":[-0.984485626,0.174654067,-0.0168562159,-0.175147265,-0.972370386,0.15433526,0.0105647985,0.15489316,0.987874746],"shapeName":"/levels/west_coast_usa/art/shapes/objects/barrierfence_plain.dae"}
{"name":"Mesh Spline 2_Main_123","class":"TSStatic","__parent":"Mesh Spline 2 - 3b99f964-ec01-4037-aac1-9d67fd6c1b7a","position":[307.479553,-930.038269,149.63623],"isRenderEnabled":false,"rotationMatrix":[-0.988963127,0.147853732,-0.00955713354,-0.14676699,-0.968777657,0.199823558,0.0202859212,0.199020803,0.979785264],"shapeName":"/levels/west_coast_usa/art/shapes/objects/barrierfence_plain.dae"}
{"name":"Mesh Spline 2_Main_124","class":"TSStatic","__parent":"Mesh Spline 2 - 3b99f964-ec01-4037-aac1-9d67fd6c1b7a","position":[310.266357,-930.410767,149.656601],"isRenderEnabled":false,"rotationMatrix":[-0.992876053,0.119086862,0.00393450167,-0.116269574,-0.975549102,0.186507776,0.0260489248,0.184721634,0.982445598],"shapeName":"/levels/west_coast_usa/art/shapes/objects/barrierfence_plain.dae"}
{"name":"Mesh Spline 2_Main_125","class":"TSStatic","__parent":"Mesh Spline 2 - 3b99f964-ec01-4037-aac1-9d67fd6c1b7a","position":[313.063141,-930.697998,149.634064],"isRenderEnabled":false,"rotationMatrix":[-0.996932626,0.0777572542,0.00889530033,-0.0741967112,-0.975158691,0.208710968,0.0249031223,0.207410783,0.977936924],"shapeName":"/levels/west_coast_usa/art/shapes/objects/barrierfence_plain.dae"}
{"name":"Mesh Spline 2_Main_126","class":"TSStatic","__parent":"Mesh Spline 2 - 3b99f964-ec01-4037-aac1-9d67fd6c1b7a","position":[315.868591,-930.874451,149.598175],"isRenderEnabled":false,"rotationMatrix":[-0.998776317,0.0463019162,0.0173812769,-0.0409978479,-0.971696377,0.232648477,0.0276613943,0.231651172,0.972405553],"shapeName":"/levels/west_coast_usa/art/shapes/objects/barrierfence_plain.dae"}
{"name":"Mesh Spline 2_Main_127","class":"TSStatic","__parent":"Mesh Spline 2 - 3b99f964-ec01-4037-aac1-9d67fd6c1b7a","position":[318.678925,-930.950684,149.553055],"isRenderEnabled":false,"rotationMatrix":[-0.999868274,0.0106723374,0.0122325663,-0.00733694155,-0.969260931,0.245925859,0.0144811515,0.245803699,0.969211459],"shapeName":"/levels/west_coast_usa/art/shapes/objects/barrierfence_plain.dae"}
{"name":"Mesh Spline 2_Main_128","class":"TSStatic","__parent":"Mesh Spline 2 - 3b99f964-ec01-4037-aac1-9d67fd6c1b7a","position":[321.490601,-930.965576,149.515167],"isRenderEnabled":false,"rotationMatrix":[-0.999861836,0.000494304113,0.0166248437,0.0039676507,-0.96361196,0.26727587,0.0161520112,0.267304838,0.963476658],"shapeName":"/levels/west_coast_usa/art/shapes/objects/barrierfence_plain.dae"}
{"name":"Mesh Spline 2_Main_129","class":"TSStatic","__parent":"Mesh Spline 2 - 3b99f964-ec01-4037-aac1-9d67fd6c1b7a","position":[324.301849,-930.914978,149.503342],"isRenderEnabled":false,"rotationMatrix":[-0.999521971,-0.030495299,0.0050598504,0.0307342093,-0.96282196,0.268382221,-0.00331266038,0.268409461,0.963299215],"shapeName":"/levels/west_coast_usa/art/shapes/objects/barrierfence_plain.dae"}
{"name":"Mesh Spline 2_Main_130","class":"TSStatic","__parent":"Mesh Spline 2 - 3b99f964-ec01-4037-aac1-9d67fd6c1b7a","position":[327.108582,-930.75769,149.509659],"isRenderEnabled":false,"rotationMatrix":[-0.996925116,-0.0782775879,0.00362000754,0.0766830444,-0.965023637,0.250697762,-0.0161306225,0.250204474,0.968058646],"shapeName":"/levels/west_coast_usa/art/shapes/objects/barrierfence_plain.dae"}
{"name":"Mesh Spline 2_Main_131","class":"TSStatic","__parent":"Mesh Spline 2 - 3b99f964-ec01-4037-aac1-9d67fd6c1b7a","position":[329.900452,-930.440735,149.526794],"isRenderEnabled":false,"rotationMatrix":[-0.987489104,-0.15701215,-0.0145651996,0.150182739,-0.964632869,0.21662952,-0.048063539,0.211731896,0.976145208],"shapeName":"/levels/west_coast_usa/art/shapes/objects/barrierfence_plain.dae"}
{"name":"Mesh Spline 2_Main_132","class":"TSStatic","__parent":"Mesh Spline 2 - 3b99f964-ec01-4037-aac1-9d67fd6c1b7a","position":[332.654602,-929.895508,149.539978],"isRenderEnabled":false,"rotationMatrix":[-0.970919847,-0.239218503,-0.00945333578,0.234106869,-0.956953049,0.171566263,-0.0500882193,0.164363995,0.985127211],"shapeName":"/levels/west_coast_usa/art/shapes/objects/barrierfence_plain.dae"}
{"name":"Mesh Spline 2_Main_133","class":"TSStatic","__parent":"Mesh Spline 2 - 3b99f964-ec01-4037-aac1-9d67fd6c1b7a","position":[335.324097,-929.038452,149.531769],"isRenderEnabled":false,"rotationMatrix":[-0.931271672,-0.364317298,0.00239343755,0.358972788,-0.916448593,0.176806167,-0.0622200742,0.165513769,0.984242797],"shapeName":"/levels/west_coast_usa/art/shapes/objects/barrierfence_plain.dae"}
{"name":"Mesh Spline 2_Main_134","class":"TSStatic","__parent":"Mesh Spline 2 - 3b99f964-ec01-4037-aac1-9d67fd6c1b7a","position":[337.829102,-927.790649,149.489807],"isRenderEnabled":false,"rotationMatrix":[-0.851969361,-0.522717059,0.0302508101,0.521064579,-0.840771437,0.146953061,-0.0513808653,0.140962139,0.98868078],"shapeName":"/levels/west_coast_usa/art/shapes/objects/barrierfence_plain.dae"}
{"name":"Mesh Spline 2_Main_135","class":"TSStatic","__parent":"Mesh Spline 2 - 3b99f964-ec01-4037-aac1-9d67fd6c1b7a","position":[340.106079,-926.159302,149.439224],"isRenderEnabled":false,"rotationMatrix":[-0.766781211,-0.641614437,0.019431334,0.63845098,-0.759163857,0.126691744,-0.0665356815,0.109550796,0.99175179],"shapeName":"/levels/west_coast_usa/art/shapes/objects/barrierfence_plain.dae"}
{"name":"Mesh Spline 2_Main_136","class":"TSStatic","__parent":"Mesh Spline 2 - 3b99f964-ec01-4037-aac1-9d67fd6c1b7a","position":[342.147095,-924.234741,149.409439],"isRenderEnabled":false,"rotationMatrix":[-0.691236258,-0.722535074,0.0116414316,0.718380868,-0.685339451,0.119326413,-0.0782391876,0.0908457339,0.992786825],"shapeName":"/levels/west_coast_usa/art/shapes/objects/barrierfence_plain.dae"}
{"name":"Mesh Spline 2_Main_137","class":"TSStatic","__parent":"Mesh Spline 2 - 3b99f964-ec01-4037-aac1-9d67fd6c1b7a","position":[343.955109,-922.088501,149.383835],"isRenderEnabled":false,"rotationMatrix":[-0.606341839,-0.79507041,0.0145793781,0.791043758,-0.601195335,0.113198191,-0.0812354758,0.0801697373,0.993465483],"shapeName":"/levels/west_coast_usa/art/shapes/objects/barrierfence_plain.dae"}
{"name":"Mesh Spline 2_Main_138","class":"TSStatic","__parent":"Mesh Spline 2 - 3b99f964-ec01-4037-aac1-9d67fd6c1b7a","position":[345.504272,-919.750183,149.338242],"isRenderEnabled":false,"rotationMatrix":[-0.50707984,-0.861640513,0.0211076364,0.856921256,-0.501371861,0.119633533,-0.0924983248,0.078751348,0.992593706],"shapeName":"/levels/west_coast_usa/art/shapes/objects/barrierfence_plain.dae"}
{"name":"Mesh Spline 2_Main_139","class":"TSStatic","__parent":"Mesh Spline 2 - 3b99f964-ec01-4037-aac1-9d67fd6c1b7a","position":[346.71994,-917.227844,149.262878],"isRenderEnabled":false,"rotationMatrix":[-0.369918108,-0.928768694,0.0234392062,0.926764905,-0.367111087,0.0796013027,-0.0653264001,0.0511685908,0.996551156],"shapeName":"/levels/west_coast_usa/art/shapes/objects/barrierfence_plain.dae"}
{"name":"Mesh Spline 2_Main_140","class":"TSStatic","__parent":"Mesh Spline 2 - 3b99f964-ec01-4037-aac1-9d67fd6c1b7a","position":[347.429535,-914.534058,149.180283],"isRenderEnabled":false,"rotationMatrix":[-0.13762176,-0.990218997,0.0229434855,0.989560604,-0.136456013,0.0463624224,-0.0427781753,0.0290844534,0.99866116],"shapeName":"/levels/west_coast_usa/art/shapes/objects/barrierfence_plain.dae"}
{"name":"Mesh Spline 2_Main_141","class":"TSStatic","__parent":"Mesh Spline 2 - 3b99f964-ec01-4037-aac1-9d67fd6c1b7a","position":[347.482666,-911.752502,149.084976],"isRenderEnabled":false,"rotationMatrix":[0.0970913172,-0.994242847,0.0453251824,0.992832482,0.0999413729,0.0655390769,-0.0696916208,0.0386370383,0.996820092],"shapeName":"/levels/west_coast_usa/art/shapes/objects/barrierfence_plain.dae"}
{"name":"Mesh Spline 2_Main_142","class":"TSStatic","__parent":"Mesh Spline 2 - 3b99f964-ec01-4037-aac1-9d67fd6c1b7a","position":[346.954315,-909.008423,148.94931],"isRenderEnabled":false,"rotationMatrix":[0.276323617,-0.959010184,0.0628064573,0.957660019,0.280252039,0.0659244731,-0.0808238834,0.0419307426,0.995846033],"shapeName":"/levels/west_coast_usa/art/shapes/objects/barrierfence_plain.dae"}
{"name":"Mesh Spline 2_Main_143","class":"TSStatic","__parent":"Mesh Spline 2 - 3b99f964-ec01-4037-aac1-9d67fd6c1b7a","position":[346.011536,-906.372314,148.798157],"isRenderEnabled":false,"rotationMatrix":[0.398624301,-0.915663958,0.0515573397,0.911686778,0.401745558,0.0861846954,-0.0996291563,0.0126488246,0.994944215],"shapeName":"/levels/west_coast_usa/art/shapes/objects/barrierfence_plain.dae"}
{"name":"Mesh Spline 2_Main_144","class":"TSStatic","__parent":"Mesh Spline 2 - 3b99f964-ec01-4037-aac1-9d67fd6c1b7a","position":[344.741089,-903.873901,148.687851],"isRenderEnabled":false,"rotationMatrix":[0.502094626,-0.864524662,0.022318285,0.858265936,0.501297235,0.109912418,-0.106210083,-0.0360314175,0.99369067],"shapeName":"/levels/west_coast_usa/art/shapes/objects/barrierfence_plain.dae"}
{"name":"Mesh Spline 2_Main_145","class":"TSStatic","__parent":"Mesh Spline 2 - 3b99f964-ec01-4037-aac1-9d67fd6c1b7a","position":[343.1651,-901.555969,148.631851],"isRenderEnabled":false,"rotationMatrix":[0.616900682,-0.786787868,0.0199620128,0.779385448,0.614232481,0.123599485,-0.109507889,-0.0606905036,0.992131412],"shapeName":"/levels/west_coast_usa/art/shapes/objects/barrierfence_plain.dae"}
{"name":"Mesh Spline 2_Main_146","class":"TSStatic","__parent":"Mesh Spline 2 - 3b99f964-ec01-4037-aac1-9d67fd6c1b7a","position":[341.25531,-899.510986,148.592682],"isRenderEnabled":false,"rotationMatrix":[0.739690304,-0.672862589,0.0106836371,0.667180955,0.735333443,0.118972167,-0.0879079551,-0.0808746368,0.992840111],"shapeName":"/levels/west_coast_usa/art/shapes/objects/barrierfence_plain.dae"}
{"name":"Mesh Spline 2_Main_147","class":"TSStatic","__parent":"Mesh Spline 2 - 3b99f964-ec01-4037-aac1-9d67fd6c1b7a","position":[339.046173,-897.786011,148.566635],"isRenderEnabled":false,"rotationMatrix":[0.828230679,-0.560196757,0.0146148819,0.558277488,0.827092707,0.0651457459,-0.0485823005,-0.0457965471,0.9977687],"shapeName":"/levels/west_coast_usa/art/shapes/objects/barrierfence_plain.dae"}
{"name":"Mesh Spline 2_Main_148","class":"TSStatic","__parent":"Mesh Spline 2 - 3b99f964-ec01-4037-aac1-9d67fd6c1b7a","position":[336.647888,-896.326721,148.56543],"isRenderEnabled":false,"rotationMatrix":[0.873264074,-0.487174988,-0.00838929228,0.487220287,0.872905493,0.0255421083,-0.00512041664,-0.0263924394,0.999638557],"shapeName":"/levels/west_coast_usa/art/shapes/objects/barrierfence_plain.dae"}
{"name":"Mesh Spline 2_Main_149","class":"TSStatic","__parent":"Mesh Spline 2 - 3b99f964-ec01-4037-aac1-9d67fd6c1b7a","position":[334.141113,-895.058716,148.547974],"isRenderEnabled":false,"rotationMatrix":[0.90656209,-0.421823084,0.0145060942,0.421619475,0.906646073,0.0151642272,-0.019548513,-0.00763126183,0.999779761],"shapeName":"/levels/west_coast_usa/art/shapes/objects/barrierfence_plain.dae"}
{"name":"Mesh Spline 2_Main_150","class":"TSStatic","__parent":"Mesh Spline 2 - 3b99f964-ec01-4037-aac1-9d67fd6c1b7a","position":[331.574188,-893.917419,148.463303],"isRenderEnabled":false,"rotationMatrix":[0.919129074,-0.3913275,0.0454370864,0.390951872,0.920249522,0.0172481164,-0.048563119,0.0019104681,0.998818278],"shapeName":"/levels/west_coast_usa/art/shapes/objects/barrierfence_plain.dae"}
{"name":"Mesh Spline 2_Main_151","class":"TSStatic","__parent":"Mesh Spline 2 - 3b99f964-ec01-4037-aac1-9d67fd6c1b7a","position":[328.971802,-892.860229,148.347824],"isRenderEnabled":false,"rotationMatrix":[0.928121567,-0.370996624,0.0308518,0.372086376,0.927108049,-0.0449708849,-0.0119189052,0.0532179847,0.998511791],"shapeName":"/levels/west_coast_usa/art/shapes/objects/barrierfence_plain.dae"}
{"name":"Mesh Spline 2_Main_152","class":"TSStatic","__parent":"Mesh Spline 2 - 3b99f964-ec01-4037-aac1-9d67fd6c1b7a","position":[326.327179,-891.918213,148.227219],"isRenderEnabled":false,"rotationMatrix":[0.948908091,-0.310682118,0.0552267618,0.313902497,0.947251379,-0.0646532029,-0.0322270282,0.0786857754,0.996378422],"shapeName":"/levels/west_coast_usa/art/shapes/objects/barrierfence_plain.dae"}
{"name":"Mesh Spline 2_Main_153","class":"TSStatic","__parent":"Mesh Spline 2 - 3b99f964-ec01-4037-aac1-9d67fd6c1b7a","position":[323.634857,-891.124939,148.080948],"isRenderEnabled":false,"rotationMatrix":[0.961992204,-0.265372902,0.0644065514,0.270997018,0.956786573,-0.10545177,-0.0336392783,0.118897758,0.992336512],"shapeName":"/levels/west_coast_usa/art/shapes/objects/barrierfence_plain.dae"}
{"name":"Mesh Spline 2_Main_154","class":"TSStatic","__parent":"Mesh Spline 2 - 3b99f964-ec01-4037-aac1-9d67fd6c1b7a","position":[320.909485,-890.451416,147.931839],"isRenderEnabled":false,"rotationMatrix":[0.974754333,-0.219494686,0.0409393832,0.223271444,0.959796011,-0.170122057,-0.00195257179,0.174967825,0.984572232],"shapeName":"/levels/west_coast_usa/art/shapes/objects/barrierfence_plain.dae"}
{"name":"Mesh Spline 2_Main_155","class":"TSStatic","__parent":"Mesh Spline 2 - 3b99f964-ec01-4037-aac1-9d67fd6c1b7a","position":[318.165833,-889.864197,147.753204],"isRenderEnabled":false,"rotationMatrix":[0.975145996,-0.203863293,0.0867760628,0.210465729,0.974701643,-0.0752385929,-0.069242388,0.0916320011,0.993382633],"shapeName":"/levels/west_coast_usa/art/shapes/objects/barrierfence_plain.dae"}
{"name":"Mesh Spline 2_Main_156","class":"TSStatic","__parent":"Mesh Spline 2 - 3b99f964-ec01-4037-aac1-9d67fd6c1b7a","position":[315.410767,-889.333984,147.566208],"isRenderEnabled":false,"rotationMatrix":[0.982412517,-0.1803592,0.0483338386,0.185415044,0.972868443,-0.138377279,-0.0220648497,0.144905388,0.98919946],"shapeName":"/levels/west_coast_usa/art/shapes/objects/barrierfence_plain.dae"}
{"name":"Mesh Spline 2_Main_157","class":"TSStatic","__parent":"Mesh Spline 2 - 3b99f964-ec01-4037-aac1-9d67fd6c1b7a","position":[312.648438,-888.835571,147.396042],"isRenderEnabled":false,"rotationMatrix":[0.981673956,-0.179803252,0.0631430149,0.183514655,0.981250465,-0.0589063168,-0.0513675623,0.0694144666,0.996264517],"shapeName":"/levels/west_coast_usa/art/shapes/objects/barrierfence_plain.dae"}
{"name":"Mesh Spline 2_Main_158","class":"TSStatic","__parent":"Mesh Spline 2 - 3b99f964-ec01-4037-aac1-9d67fd6c1b7a","position":[309.885101,-888.347839,147.212799],"isRenderEnabled":false,"rotationMatrix":[0.983047724,-0.16833061,0.0726771727,0.176617831,0.975807369,-0.128864586,-0.0492270738,0.139516115,0.988995433],"shapeName":"/levels/west_coast_usa/art/shapes/objects/barrierfence_plain.dae"}
{"name":"Mesh Spline 2_Main_159","class":"TSStatic","__parent":"Mesh Spline 2 - 3b99f964-ec01-4037-aac1-9d67fd6c1b7a","position":[307.121185,-887.851196,147.072144],"isRenderEnabled":false,"rotationMatrix":[0.984964252,-0.170573592,0.0273881815,0.171953827,0.983261168,-0.0602438673,-0.0166537203,0.0640475601,0.99780786],"shapeName":"/levels/west_coast_usa/art/shapes/objects/barrierfence_plain.dae"}
{"name":"Mesh Spline 2_Main_160","class":"TSStatic","__parent":"Mesh Spline 2 - 3b99f964-ec01-4037-aac1-9d67fd6c1b7a","position":[304.356262,-887.350342,146.96225],"isRenderEnabled":false,"rotationMatrix":[0.984795868,-0.168223694,0.0433341786,0.171015993,0.982649386,-0.0717891529,-0.0305056665,0.078108497,0.996478021],"shapeName":"/levels/west_coast_usa/art/shapes/objects/barrierfence_plain.dae"}
{"name":"Mesh Spline 2_Main_161","class":"TSStatic","__parent":"Mesh Spline 2 - 3b99f964-ec01-4037-aac1-9d67fd6c1b7a","position":[301.584869,-886.883911,146.874619],"isRenderEnabled":false,"rotationMatrix":[0.987533271,-0.155594498,0.0238404404,0.15683946,0.985488296,-0.0649167001,-0.0133937951,0.0678465217,0.99760586],"shapeName":"/levels/west_coast_usa/art/shapes/objects/barrierfence_plain.dae"}
{"name":"Mesh Spline 2_Main_162","class":"TSStatic","__parent":"Mesh Spline 2 - 3b99f964-ec01-4037-aac1-9d67fd6c1b7a","position":[298.804626,-886.465881,146.819153],"isRenderEnabled":false,"rotationMatrix":[0.990184009,-0.137381077,0.0257316977,0.139252007,0.985488176,-0.0970664322,-0.0120231928,0.099696815,0.994945228],"shapeName":"/levels/west_coast_usa/art/shapes/objects/barrierfence_plain.dae"}
{"name":"Mesh Spline 2_Main_163","class":"TSStatic","__parent":"Mesh Spline 2 - 3b99f964-ec01-4037-aac1-9d67fd6c1b7a","position":[296.019867,-886.078857,146.763763],"isRenderEnabled":false,"rotationMatrix":[0.99130851,-0.129822761,0.0212956555,0.131125957,0.988128603,-0.0800491497,-0.0106506459,0.0821458176,0.996563435],"shapeName":"/levels/west_coast_usa/art/shapes/objects/barrierfence_plain.dae"}
{"name":"Mesh Spline 2_Main_164","class":"TSStatic","__parent":"Mesh Spline 2 - 3b99f964-ec01-4037-aac1-9d67fd6c1b7a","position":[293.232117,-885.711121,146.733765],"isRenderEnabled":false,"rotationMatrix":[0.991532385,-0.129859328,-0.000373688992,0.129194438,0.986738384,-0.0982660204,0.0131294932,0.0973856598,0.995160103],"shapeName":"/levels/west_coast_usa/art/shapes/objects/barrierfence_plain.dae"}
