{"name":"wcu_wp_13","class":"BeamNGWaypoint","__parent":"busRoutes","position":[-923.272583,623.669434,118.555946],"rotationMatrix":[0.999702036,-0.02440539,9.31322464e-10,0.023727661,0.971940577,-0.23402606,0.00571149774,0.233956382,0.972230136]}
{"name":"wcu_wp_01","class":"BeamNGWaypoint","__parent":"busRoutes","position":[-695.335449,767.218567,79.0004959],"rotationMatrix":[0.152046055,-0.988373339,0,0.976798952,0.150265545,-0.152590275,0.150816202,0.0232007597,0.988289416]}
{"name":"wcu_wp_02","class":"BeamNGWaypoint","__parent":"busRoutes","position":[-768.241516,56.5035324,117.865334],"rotationMatrix":[-0.707715392,0.706497431,5.96046377e-08,-0.706473053,-0.707690954,-0.00830402598,-0.0058667371,-0.0058769593,0.99996537]}
{"name":"wcu_wp_03","class":"BeamNGWaypoint","__parent":"busRoutes","position":[-652.030029,275.311401,124.781319],"rotationMatrix":[-0.678290606,-0.734793425,2.98023188e-08,0.719443321,-0.664120913,-0.203333005,0.149407774,-0.13791886,0.979109466]}
{"name":"wcu_wp_04","class":"BeamNGWaypoint","__parent":"busRoutes","position":[-624.531311,766.851868,74.7633972],"rotationMatrix":[0.707106709,-0.70710665,2.98023188e-08,0.703625321,0.703625321,-0.0991085246,0.0700802654,0.070080325,0.995076478]}
{"name":"wcu_wp_05","class":"BeamNGWaypoint","__parent":"busRoutes","position":[-425.675323,544.025391,94.5325241],"rotationMatrix":[0.712111592,-0.702066064,-2.98023188e-08,0.699317336,0.709323525,-0.0884029418,0.0620647259,0.062952742,0.99608463]}
{"name":"wcu_wp_06","class":"BeamNGWaypoint","__parent":"busRoutes","position":[191.038696,-670.561462,138.04985],"rotationMatrix":[0.141575724,0.989927292,-2.98023188e-08,-0.989076078,0.141454011,-0.0414590426,-0.0410414524,0.00586963817,0.999140024]}
{"name":"wcu_wp_07","class":"BeamNGWaypoint","__parent":"busRoutes","position":[159.620819,-660.625122,136.443848],"rotationMatrix":[0.141524225,0.989934683,-2.98023188e-08,-0.989082873,0.141402423,-0.0414741226,-0.0410566218,0.00586963817,0.999139369]}
{"name":"wcu_wp_08","class":"BeamNGWaypoint","__parent":"busRoutes","position":[-862.612244,-717.186218,110.00386],"rotationMatrix":[0.805047452,0.59321022,0,-0.587599993,0.797433853,-0.137205124,-0.0813915208,0.110456631,0.990542531]}
{"name":"wcu_wp_09","class":"BeamNGWaypoint","__parent":"busRoutes","position":[-894.610596,-635.891907,101.512558],"rotationMatrix":[0.55474174,-0.832022429,-2.98023188e-08,0.831278384,0.554245651,-0.0422803946,0.0351782516,0.023454709,0.999105573]}
{"name":"wcu_wp_10","class":"BeamNGWaypoint","__parent":"busRoutes","position":[564.969727,887.864685,124.134964],"rotationMatrix":[0.894403815,0.447260052,2.98023188e-08,-0.446300089,0.892484188,-0.0654815584,-0.0292873122,0.0585669354,0.997853637]}
{"name":"wcu_wp_11","class":"BeamNGWaypoint","__parent":"busRoutes","position":[-219.014191,499.404724,91.3633194],"rotationMatrix":[0.517963469,-0.855402589,2.98023188e-08,0.855327308,0.517917991,-0.013259138,0.0113419425,0.00686775055,0.999911964]}
{"name":"wcu_wp_12","class":"BeamNGWaypoint","__parent":"busRoutes","position":[-276.000031,551.876587,74.7817917],"rotationMatrix":[-0.00170445419,0.99999845,2.98023188e-08,-0.999981225,-0.00170445407,-0.00586703094,-0.00586706074,-1.00137277e-05,0.999982655]}
