{"name":"driftLoopPitlaneWall_Main_1","class":"TSStatic","__parent":"driftLoopPitlaneWall","position":[498.570557,-51.7098274,146.266251],"isRenderEnabled":false,"rotationMatrix":[0.509725392,0.860337079,0.000413175672,-0.860277712,0.509695768,-0.0115071954,-0.0101106605,0.00551006291,0.99993372],"shapeName":"art/shapes/objects/jerseybarrier_3m.dae"}
{"name":"driftLoopPitlaneWall_Main_2","class":"TSStatic","__parent":"driftLoopPitlaneWall","position":[501.06723,-53.3693047,146.300385],"isRenderEnabled":false,"rotationMatrix":[0.595889509,0.803066254,0.000465149526,-0.803012609,0.59585619,-0.0112321666,-0.00929733738,0.00631960947,0.999936819],"shapeName":"art/shapes/objects/jerseybarrier_3m.dae"}
{"name":"driftLoopPitlaneWall_Main_3","class":"TSStatic","__parent":"driftLoopPitlaneWall","position":[503.378754,-55.2778435,146.330261],"isRenderEnabled":false,"rotationMatrix":[0.675773203,0.737109363,0.000617376296,-0.73707813,0.675751805,-0.00867698807,-0.00681308191,0.00540862139,0.999962151],"shapeName":"art/shapes/objects/jerseybarrier_3m.dae"}
{"name":"driftLoopPitlaneWall_Main_4","class":"TSStatic","__parent":"driftLoopPitlaneWall","position":[505.509613,-57.3892746,146.356354],"isRenderEnabled":false,"rotationMatrix":[0.730873585,0.682512879,0.000189034268,-0.682485819,0.730847061,-0.00869986694,-0.00607592566,0.00622949004,0.999962151],"shapeName":"art/shapes/objects/jerseybarrier_3m.dae"}
{"name":"driftLoopPitlaneWall_Main_5","class":"TSStatic","__parent":"driftLoopPitlaneWall","position":[507.448578,-59.6757545,146.382446],"isRenderEnabled":false,"rotationMatrix":[0.792775393,0.609513581,0.000652139541,-0.609486163,0.792749107,-0.00868767127,-0.00581223611,0.0064899018,0.999962032],"shapeName":"art/shapes/objects/jerseybarrier_3m.dae"}
{"name":"driftLoopPitlaneWall_Main_6","class":"TSStatic","__parent":"driftLoopPitlaneWall","position":[509.118164,-62.1618309,146.406158],"isRenderEnabled":false,"rotationMatrix":[0.864122272,0.503281772,0.00039927999,-0.503266633,0.864101887,-0.00711405138,-0.00392539101,0.00594646623,0.999974608],"shapeName":"art/shapes/objects/jerseybarrier_3m.dae"}
{"name":"driftLoopPitlaneWall_Main_7","class":"TSStatic","__parent":"driftLoopPitlaneWall","position":[510.490784,-64.8266907,146.424942],"isRenderEnabled":false,"rotationMatrix":[0.911496878,0.411306888,0.000345067703,-0.411299199,0.91148442,-0.00539965881,-0.00253544049,0.00477984594,0.999985337],"shapeName":"art/shapes/objects/jerseybarrier_3m.dae"}
{"name":"driftLoopPitlaneWall_Main_8","class":"TSStatic","__parent":"driftLoopPitlaneWall","position":[511.588531,-67.6167374,146.438629],"isRenderEnabled":false,"rotationMatrix":[0.947391748,0.320076317,0.000192532199,-0.320073396,0.94738543,-0.00372547773,-0.00137483934,0.00346786226,0.999993026],"shapeName":"art/shapes/objects/jerseybarrier_3m.dae"}
{"name":"driftLoopPitlaneWall_Main_9","class":"TSStatic","__parent":"driftLoopPitlaneWall","position":[512.4021,-70.501915,146.448212],"isRenderEnabled":false,"rotationMatrix":[0.975046873,0.221998975,0.00019046347,-0.221997693,0.975043595,-0.00265614619,-0.000775371911,0.00254758471,0.999996483],"shapeName":"art/shapes/objects/jerseybarrier_3m.dae"}
{"name":"driftLoopPitlaneWall_Main_10","class":"TSStatic","__parent":"driftLoopPitlaneWall","position":[512.968811,-73.448143,146.454498],"isRenderEnabled":false,"rotationMatrix":[0.987819314,0.155605331,1.33772846e-05,-0.155605122,0.987818122,-0.00153553626,-0.000252151978,0.00151475077,0.999998808],"shapeName":"art/shapes/objects/jerseybarrier_3m.dae"}
{"name":"driftLoopPitlaneWall_Main_11","class":"TSStatic","__parent":"driftLoopPitlaneWall","position":[513.105713,-76.4083405,146.456467],"isRenderEnabled":false,"rotationMatrix":[0.997861385,-0.0653652176,0.000275691622,0.065365158,0.997861385,0.000224507981,-0.000289777061,-0.0002060072,0.99999994],"shapeName":"art/shapes/objects/jerseybarrier_3m.dae"}
{"name":"driftLoopPitlaneWall_Main_12","class":"TSStatic","__parent":"driftLoopPitlaneWall","position":[512.912231,-79.362442,146.455811],"isRenderEnabled":false,"rotationMatrix":[0.997860789,-0.0653653666,0.00110226125,0.065365158,0.997861385,0.000224507981,-0.00111457892,-0.000151978238,0.999999344],"shapeName":"art/shapes/objects/jerseybarrier_3m.dae"}
