{"name":"Mesh Spline 3_Main_1","class":"TSStatic","__parent":"Mesh Spline 3 - e0e68b94-fd03-420f-ba73-5a33d6796737","position":[289.241974,-898.66571,147.04303],"isRenderEnabled":false,"rotationMatrix":[-0.844753385,0.535136282,0.00457482366,-0.535028994,-0.844708443,0.0145462472,0.0116486158,0.00984032825,0.999883711],"shapeName":"/levels/west_coast_usa/art/shapes/objects/barrierfence_plain.dae"}
{"name":"Mesh Spline 3_Main_2","class":"TSStatic","__parent":"Mesh Spline 3 - e0e68b94-fd03-420f-ba73-5a33d6796737","position":[286.769012,-897.348816,147.029816],"isRenderEnabled":false,"rotationMatrix":[-0.914810061,0.403752327,-0.0103286579,-0.403881729,-0.914411068,0.0270571392,0.00147974491,0.0289236996,0.999580503],"shapeName":"/levels/west_coast_usa/art/shapes/objects/barrierfence_plain.dae"}
{"name":"Mesh Spline 3_Main_3","class":"TSStatic","__parent":"Mesh Spline 3 - e0e68b94-fd03-420f-ba73-5a33d6796737","position":[284.119141,-896.453674,147.019241],"isRenderEnabled":false,"rotationMatrix":[-0.974618793,0.223787889,0.00608039647,-0.223532721,-0.974280715,0.0284600798,0.0122930352,0.0263785627,0.999576449],"shapeName":"/levels/west_coast_usa/art/shapes/objects/barrierfence_plain.dae"}
{"name":"Mesh Spline 3_Main_4","class":"TSStatic","__parent":"Mesh Spline 3 - e0e68b94-fd03-420f-ba73-5a33d6796737","position":[281.360596,-895.929443,147.016479],"isRenderEnabled":false,"rotationMatrix":[-0.990936518,0.134271294,-0.00403889967,-0.1343292,-0.990662694,0.0233063195,-0.000871817581,0.0236376207,0.999720216],"shapeName":"/levels/west_coast_usa/art/shapes/objects/barrierfence_plain.dae"}
{"name":"Mesh Spline 3_Main_5","class":"TSStatic","__parent":"Mesh Spline 3 - e0e68b94-fd03-420f-ba73-5a33d6796737","position":[278.568695,-895.602478,147.018326],"isRenderEnabled":false,"rotationMatrix":[-0.996011734,0.0890229717,0.00595094077,-0.0887923911,-0.995547295,0.0316453017,0.0087416023,0.0309906937,0.99948144],"shapeName":"/levels/west_coast_usa/art/shapes/objects/barrierfence_plain.dae"}
{"name":"Mesh Spline 3_Main_6","class":"TSStatic","__parent":"Mesh Spline 3 - e0e68b94-fd03-420f-ba73-5a33d6796737","position":[275.765625,-895.38031,147.021774],"isRenderEnabled":false,"rotationMatrix":[-0.997711182,0.0675698221,-0.00258815102,-0.0676189065,-0.996831059,0.0418986268,0.00025113381,0.0419777371,0.999118507],"shapeName":"/levels/west_coast_usa/art/shapes/objects/barrierfence_plain.dae"}
{"name":"Mesh Spline 3_Main_7","class":"TSStatic","__parent":"Mesh Spline 3 - e0e68b94-fd03-420f-ba73-5a33d6796737","position":[272.958771,-895.208374,147.027237],"isRenderEnabled":false,"rotationMatrix":[-0.99875319,0.049756147,0.00403701235,-0.0495666191,-0.998042583,0.0381306745,0.00592634641,0.0378830321,0.999264598],"shapeName":"/levels/west_coast_usa/art/shapes/objects/barrierfence_plain.dae"}
{"name":"Mesh Spline 3_Main_8","class":"TSStatic","__parent":"Mesh Spline 3 - e0e68b94-fd03-420f-ba73-5a33d6796737","position":[270.151154,-895.048035,147.035553],"isRenderEnabled":false,"rotationMatrix":[-0.99815309,0.0601123832,0.00877654273,-0.0596712194,-0.997248769,0.0439799428,0.0113961352,0.0433750078,0.998993874],"shapeName":"/levels/west_coast_usa/art/shapes/objects/barrierfence_plain.dae"}
{"name":"Mesh Spline 3_Main_9","class":"TSStatic","__parent":"Mesh Spline 3 - e0e68b94-fd03-420f-ba73-5a33d6796737","position":[267.34491,-894.867004,147.04425],"isRenderEnabled":false,"rotationMatrix":[-0.997389674,0.0721177086,-0.00359165296,-0.0722049996,-0.995747447,0.0572157279,0.000549888355,0.0573257133,0.998355389],"shapeName":"/levels/west_coast_usa/art/shapes/objects/barrierfence_plain.dae"}
{"name":"Mesh Spline 3_Main_10","class":"TSStatic","__parent":"Mesh Spline 3 - e0e68b94-fd03-420f-ba73-5a33d6796737","position":[264.54248,-894.635742,147.04985],"isRenderEnabled":false,"rotationMatrix":[-0.996428013,0.0842825547,-0.00525504351,-0.0844462141,-0.994459629,0.0625988096,5.00585884e-05,0.0628189743,0.99802494],"shapeName":"/levels/west_coast_usa/art/shapes/objects/barrierfence_plain.dae"}
{"name":"Mesh Spline 3_Main_11","class":"TSStatic","__parent":"Mesh Spline 3 - e0e68b94-fd03-420f-ba73-5a33d6796737","position":[261.743317,-894.365906,147.052032],"isRenderEnabled":false,"rotationMatrix":[-0.994512916,0.104590334,-0.00218190113,-0.104578413,-0.993430018,0.0464751981,0.00269329036,0.0464483686,0.998917043],"shapeName":"/levels/west_coast_usa/art/shapes/objects/barrierfence_plain.dae"}
{"name":"Mesh Spline 3_Main_12","class":"TSStatic","__parent":"Mesh Spline 3 - e0e68b94-fd03-420f-ba73-5a33d6796737","position":[258.944366,-894.093445,147.055344],"isRenderEnabled":false,"rotationMatrix":[-0.994536757,0.104210086,0.00608921703,-0.103667252,-0.992831826,0.059482839,0.0122442795,0.0585266091,0.998210728],"shapeName":"/levels/west_coast_usa/art/shapes/objects/barrierfence_plain.dae"}
{"name":"Mesh Spline 3_Main_13","class":"TSStatic","__parent":"Mesh Spline 3 - e0e68b94-fd03-420f-ba73-5a33d6796737","position":[256.144836,-893.826965,147.060181],"isRenderEnabled":false,"rotationMatrix":[-0.995741487,0.0916097462,0.010319585,-0.090839237,-0.994080424,0.0596011207,0.0157185402,0.0584098846,0.998168945],"shapeName":"/levels/west_coast_usa/art/shapes/objects/barrierfence_plain.dae"}
{"name":"Mesh Spline 3_Main_14","class":"TSStatic","__parent":"Mesh Spline 3 - e0e68b94-fd03-420f-ba73-5a33d6796737","position":[253.345032,-893.563477,147.064148],"isRenderEnabled":false,"rotationMatrix":[-0.995197296,0.0973353237,0.0104096755,-0.0967328399,-0.994158149,0.0478819758,0.0150094703,0.0466450527,0.998798728],"shapeName":"/levels/west_coast_usa/art/shapes/objects/barrierfence_plain.dae"}
{"name":"Mesh Spline 3_Main_15","class":"TSStatic","__parent":"Mesh Spline 3 - e0e68b94-fd03-420f-ba73-5a33d6796737","position":[250.545166,-893.300659,147.064209],"isRenderEnabled":false,"rotationMatrix":[-0.996301532,0.0859074444,-0.00171994872,-0.0858829319,-0.994994283,0.0510906987,0.00267773215,0.0510494597,0.998692513],"shapeName":"/levels/west_coast_usa/art/shapes/objects/barrierfence_plain.dae"}
{"name":"Mesh Spline 3_Main_16","class":"TSStatic","__parent":"Mesh Spline 3 - e0e68b94-fd03-420f-ba73-5a33d6796737","position":[247.745438,-893.036133,147.060776],"isRenderEnabled":false,"rotationMatrix":[-0.99543786,0.0950827822,0.00791600812,-0.0944401249,-0.993714094,0.0601097681,0.0135816531,0.0590879507,0.998160362],"shapeName":"/levels/west_coast_usa/art/shapes/objects/barrierfence_plain.dae"}
{"name":"Mesh Spline 3_Main_17","class":"TSStatic","__parent":"Mesh Spline 3 - e0e68b94-fd03-420f-ba73-5a33d6796737","position":[244.946091,-892.767822,147.056183],"isRenderEnabled":false,"rotationMatrix":[-0.994641781,0.103355765,-0.00232058158,-0.103352621,-0.993576884,0.0460798368,0.00245694071,0.0460727662,0.998935044],"shapeName":"/levels/west_coast_usa/art/shapes/objects/barrierfence_plain.dae"}
{"name":"Mesh Spline 3_Main_18","class":"TSStatic","__parent":"Mesh Spline 3 - e0e68b94-fd03-420f-ba73-5a33d6796737","position":[242.147354,-892.493408,147.047958],"isRenderEnabled":false,"rotationMatrix":[-0.994303346,0.106586665,-0.00025407155,-0.106443822,-0.992841601,0.0541760288,0.00552218966,0.0538944565,0.998531342],"shapeName":"/levels/west_coast_usa/art/shapes/objects/barrierfence_plain.dae"}
{"name":"Mesh Spline 3_Main_19","class":"TSStatic","__parent":"Mesh Spline 3 - e0e68b94-fd03-420f-ba73-5a33d6796737","position":[239.349487,-892.21051,147.032608],"isRenderEnabled":false,"rotationMatrix":[-0.994395494,0.105153382,-0.0109612597,-0.105480418,-0.993787289,0.0355030745,-0.0071598934,0.0364603028,0.99930948],"shapeName":"/levels/west_coast_usa/art/shapes/objects/barrierfence_plain.dae"}
{"name":"Mesh Spline 3_Main_20","class":"TSStatic","__parent":"Mesh Spline 3 - e0e68b94-fd03-420f-ba73-5a33d6796737","position":[236.552826,-891.916382,147.010834],"isRenderEnabled":false,"rotationMatrix":[-0.995163918,0.0982163474,0.00147205289,-0.0981504247,-0.994865656,0.024670586,0.00388755021,0.0244067982,0.999694526],"shapeName":"/levels/west_coast_usa/art/shapes/objects/barrierfence_plain.dae"}
{"name":"Mesh Spline 3_Main_21","class":"TSStatic","__parent":"Mesh Spline 3 - e0e68b94-fd03-420f-ba73-5a33d6796737","position":[233.757538,-891.609863,146.983749],"isRenderEnabled":false,"rotationMatrix":[-0.992694974,0.120310806,-0.00906522758,-0.120508827,-0.99237287,0.0259600021,-0.00587281585,0.0268628001,0.999621868],"shapeName":"/levels/west_coast_usa/art/shapes/objects/barrierfence_plain.dae"}
{"name":"Mesh Spline 3_Main_22","class":"TSStatic","__parent":"Mesh Spline 3 - e0e68b94-fd03-420f-ba73-5a33d6796737","position":[230.962311,-891.303467,146.949738],"isRenderEnabled":false,"rotationMatrix":[-0.994647145,0.10272947,-0.0111149261,-0.102867872,-0.994614005,0.0126914512,-0.00975127611,0.0137668848,0.999857664],"shapeName":"/levels/west_coast_usa/art/shapes/objects/barrierfence_plain.dae"}
{"name":"Mesh Spline 3_Main_23","class":"TSStatic","__parent":"Mesh Spline 3 - e0e68b94-fd03-420f-ba73-5a33d6796737","position":[228.166061,-891.007874,146.905655],"isRenderEnabled":false,"rotationMatrix":[-0.99333322,0.112367332,-0.0257368032,-0.112832934,-0.993461251,0.0174113549,-0.0236120541,0.0201992393,0.999517143],"shapeName":"/levels/west_coast_usa/art/shapes/objects/barrierfence_plain.dae"}
{"name":"Mesh Spline 3_Main_24","class":"TSStatic","__parent":"Mesh Spline 3 - e0e68b94-fd03-420f-ba73-5a33d6796737","position":[225.369431,-890.716858,146.855881],"isRenderEnabled":false,"rotationMatrix":[-0.995243669,0.0947620496,-0.0225827806,-0.0950300917,-0.99541235,0.0111052413,-0.0214268267,0.0131984651,0.999683321],"shapeName":"/levels/west_coast_usa/art/shapes/objects/barrierfence_plain.dae"}
{"name":"Mesh Spline 3_Main_25","class":"TSStatic","__parent":"Mesh Spline 3 - e0e68b94-fd03-420f-ba73-5a33d6796737","position":[222.573196,-890.420471,146.817108],"isRenderEnabled":false,"rotationMatrix":[-0.993159056,0.116045132,-0.0129941627,-0.116213098,-0.993139148,0.0130161513,-0.0113945492,0.0144371986,0.999830842],"shapeName":"/levels/west_coast_usa/art/shapes/objects/barrierfence_plain.dae"}
{"name":"Mesh Spline 3_Main_26","class":"TSStatic","__parent":"Mesh Spline 3 - e0e68b94-fd03-420f-ba73-5a33d6796737","position":[219.778488,-890.108765,146.794632],"isRenderEnabled":false,"rotationMatrix":[-0.994114876,0.108307771,0.00223309593,-0.10819643,-0.993697286,0.0293110795,0.00539363921,0.0288969688,0.999567866],"shapeName":"/levels/west_coast_usa/art/shapes/objects/barrierfence_plain.dae"}
{"name":"Mesh Spline 3_Main_27","class":"TSStatic","__parent":"Mesh Spline 3 - e0e68b94-fd03-420f-ba73-5a33d6796737","position":[216.986816,-889.771118,146.78096],"isRenderEnabled":false,"rotationMatrix":[-0.992923021,0.118744485,0.00187707564,-0.11868415,-0.992732882,0.0198855717,0.00422473717,0.0195220653,0.999800503],"shapeName":"/levels/west_coast_usa/art/shapes/objects/barrierfence_plain.dae"}
{"name":"Mesh Spline 3_Main_28","class":"TSStatic","__parent":"Mesh Spline 3 - e0e68b94-fd03-420f-ba73-5a33d6796737","position":[214.200195,-889.396912,146.778992],"isRenderEnabled":false,"rotationMatrix":[-0.990725994,0.135872617,0.000765305012,-0.135289803,-0.986967206,0.0871338546,0.0125944354,0.0862222463,0.99619633],"shapeName":"/levels/west_coast_usa/art/shapes/objects/barrierfence_plain.dae"}
{"name":"Mesh Spline 3_Main_29","class":"TSStatic","__parent":"Mesh Spline 3 - e0e68b94-fd03-420f-ba73-5a33d6796737","position":[211.42041,-888.975098,146.788513],"isRenderEnabled":false,"rotationMatrix":[-0.987959146,0.154414356,0.00963452831,-0.150355101,-0.972935796,0.175468788,0.0364686772,0.17190741,0.984437823],"shapeName":"/levels/west_coast_usa/art/shapes/objects/barrierfence_plain.dae"}
{"name":"Mesh Spline 3_Main_30","class":"TSStatic","__parent":"Mesh Spline 3 - e0e68b94-fd03-420f-ba73-5a33d6796737","position":[208.649948,-888.494629,146.783051],"isRenderEnabled":false,"rotationMatrix":[-0.984902978,0.172681794,-0.0121208159,-0.172415867,-0.972315907,0.157716259,0.0154494653,0.157425061,0.987410069],"shapeName":"/levels/west_coast_usa/art/shapes/objects/barrierfence_plain.dae"}
{"name":"Mesh Spline 3_Main_31","class":"TSStatic","__parent":"Mesh Spline 3 - e0e68b94-fd03-420f-ba73-5a33d6796737","position":[205.890564,-887.954712,146.747101],"isRenderEnabled":false,"rotationMatrix":[-0.980762362,0.194219515,-0.0196038708,-0.194174215,-0.960330606,0.200154155,0.020047646,0.200110197,0.979568303],"shapeName":"/levels/west_coast_usa/art/shapes/objects/barrierfence_plain.dae"}
{"name":"Mesh Spline 3_Main_32","class":"TSStatic","__parent":"Mesh Spline 3 - e0e68b94-fd03-420f-ba73-5a33d6796737","position":[203.14003,-887.374023,146.676575],"isRenderEnabled":false,"rotationMatrix":[-0.977363348,0.208017781,-0.0385922417,-0.211473629,-0.965969682,0.148933873,-0.0062980447,0.153723761,0.988093793],"shapeName":"/levels/west_coast_usa/art/shapes/objects/barrierfence_plain.dae"}
{"name":"Mesh Spline 3_Main_33","class":"TSStatic","__parent":"Mesh Spline 3 - e0e68b94-fd03-420f-ba73-5a33d6796737","position":[200.396774,-886.764587,146.573669],"isRenderEnabled":false,"rotationMatrix":[-0.973288298,0.227282137,-0.0324426666,-0.229488224,-0.958989978,0.166352972,0.00669686962,0.169354632,0.985532403],"shapeName":"/levels/west_coast_usa/art/shapes/objects/barrierfence_plain.dae"}
{"name":"Mesh Spline 3_Main_34","class":"TSStatic","__parent":"Mesh Spline 3 - e0e68b94-fd03-420f-ba73-5a33d6796737","position":[197.66243,-886.120544,146.448273],"isRenderEnabled":false,"rotationMatrix":[-0.97247684,0.226729661,-0.0536896102,-0.231815189,-0.964702249,0.124946028,-0.0234655105,0.133953184,0.990709782],"shapeName":"/levels/west_coast_usa/art/shapes/objects/barrierfence_plain.dae"}
{"name":"Mesh Spline 3_Main_35","class":"TSStatic","__parent":"Mesh Spline 3 - e0e68b94-fd03-420f-ba73-5a33d6796737","position":[194.940918,-885.434998,146.276199],"isRenderEnabled":false,"rotationMatrix":[-0.964516878,0.252374947,-0.0775500759,-0.258882463,-0.961695671,0.0901173428,-0.0518362187,0.106996052,0.992907286],"shapeName":"/levels/west_coast_usa/art/shapes/objects/barrierfence_plain.dae"}
{"name":"Mesh Spline 3_Main_36","class":"TSStatic","__parent":"Mesh Spline 3 - e0e68b94-fd03-420f-ba73-5a33d6796737","position":[192.236359,-884.698975,146.052078],"isRenderEnabled":false,"rotationMatrix":[-0.960693002,0.263186663,-0.0883265436,-0.269097835,-0.961031318,0.063285701,-0.0682286322,0.0845666155,0.994079113],"shapeName":"/levels/west_coast_usa/art/shapes/objects/barrierfence_plain.dae"}
{"name":"Mesh Spline 3_Main_37","class":"TSStatic","__parent":"Mesh Spline 3 - e0e68b94-fd03-420f-ba73-5a33d6796737","position":[189.552216,-883.900208,145.800461],"isRenderEnabled":false,"rotationMatrix":[-0.948880553,0.299615264,-0.0992782265,-0.303456664,-0.952495575,0.0258049853,-0.0868305266,0.0546124913,0.994725049],"shapeName":"/levels/west_coast_usa/art/shapes/objects/barrierfence_plain.dae"}
{"name":"Mesh Spline 3_Main_38","class":"TSStatic","__parent":"Mesh Spline 3 - e0e68b94-fd03-420f-ba73-5a33d6796737","position":[186.893677,-883.021423,145.547806],"isRenderEnabled":false,"rotationMatrix":[-0.938029885,0.334633112,-0.0901149511,-0.336926818,-0.941465259,0.0111188162,-0.0811193585,0.0407919213,0.995869279],"shapeName":"/levels/west_coast_usa/art/shapes/objects/barrierfence_plain.dae"}
{"name":"Mesh Spline 3_Main_39","class":"TSStatic","__parent":"Mesh Spline 3 - e0e68b94-fd03-420f-ba73-5a33d6796737","position":[184.272263,-882.03772,145.30101],"isRenderEnabled":false,"rotationMatrix":[-0.92555809,0.36863184,-0.0863279924,-0.369144857,-0.92931211,-0.0105298441,-0.0841072872,0.0221215505,0.996211112],"shapeName":"/levels/west_coast_usa/art/shapes/objects/barrierfence_plain.dae"}
{"name":"Mesh Spline 3_Main_40","class":"TSStatic","__parent":"Mesh Spline 3 - e0e68b94-fd03-420f-ba73-5a33d6796737","position":[181.694977,-880.943298,145.051941],"isRenderEnabled":false,"rotationMatrix":[-0.905475259,0.413215667,-0.0967862606,-0.410069793,-0.910607934,-0.0513438433,-0.109350398,-0.00680145249,0.99397999],"shapeName":"/levels/west_coast_usa/art/shapes/objects/barrierfence_plain.dae"}
{"name":"Mesh Spline 3_Main_41","class":"TSStatic","__parent":"Mesh Spline 3 - e0e68b94-fd03-420f-ba73-5a33d6796737","position":[179.151474,-879.769287,144.814178],"isRenderEnabled":false,"rotationMatrix":[-0.898619175,0.430532455,-0.0844134316,-0.42987895,-0.90249157,-0.0267070811,-0.0876806602,0.0122880656,0.996072829],"shapeName":"/levels/west_coast_usa/art/shapes/objects/barrierfence_plain.dae"}
{"name":"Mesh Spline 3_Main_42","class":"TSStatic","__parent":"Mesh Spline 3 - e0e68b94-fd03-420f-ba73-5a33d6796737","position":[176.657486,-878.492859,144.596344],"isRenderEnabled":false,"rotationMatrix":[-0.874204397,0.47861585,-0.0818152428,-0.476847917,-0.878019452,-0.0412086844,-0.0915585011,0.002988616,0.99579519],"shapeName":"/levels/west_coast_usa/art/shapes/objects/barrierfence_plain.dae"}
{"name":"Mesh Spline 3_Main_43","class":"TSStatic","__parent":"Mesh Spline 3 - e0e68b94-fd03-420f-ba73-5a33d6796737","position":[174.282806,-877.010986,144.398514],"isRenderEnabled":false,"rotationMatrix":[-0.821491241,0.566705346,-0.063222751,-0.569934845,-0.819528818,0.0595534369,-0.018063616,0.0849554762,0.996221006],"shapeName":"/levels/west_coast_usa/art/shapes/objects/barrierfence_plain.dae"}
{"name":"Mesh Spline 3_Main_44","class":"TSStatic","__parent":"Mesh Spline 3 - e0e68b94-fd03-420f-ba73-5a33d6796737","position":[172.154648,-875.205811,144.213104],"isRenderEnabled":false,"rotationMatrix":[-0.69742012,0.713539422,-0.0668340623,-0.71653682,-0.69600594,0.046376735,-0.013425272,0.0802331269,0.996685684],"shapeName":"/levels/west_coast_usa/art/shapes/objects/barrierfence_plain.dae"}
{"name":"Mesh Spline 3_Main_45","class":"TSStatic","__parent":"Mesh Spline 3 - e0e68b94-fd03-420f-ba73-5a33d6796737","position":[170.428879,-873.02124,144.01709],"isRenderEnabled":false,"rotationMatrix":[-0.532427669,0.842339933,-0.0835711807,-0.846400559,-0.531093121,0.0393202603,-0.0112630576,0.0916698873,0.995725751],"shapeName":"/levels/west_coast_usa/art/shapes/objects/barrierfence_plain.dae"}
{"name":"Mesh Spline 3_Main_46","class":"TSStatic","__parent":"Mesh Spline 3 - e0e68b94-fd03-420f-ba73-5a33d6796737","position":[169.138062,-870.546143,143.797302],"isRenderEnabled":false,"rotationMatrix":[-0.391260862,0.916973233,-0.0779428557,-0.920099974,-0.388104558,0.0528278947,0.0181917828,0.0923847109,0.995557189],"shapeName":"/levels/west_coast_usa/art/shapes/objects/barrierfence_plain.dae"}
{"name":"Mesh Spline 3_Main_47","class":"TSStatic","__parent":"Mesh Spline 3 - e0e68b94-fd03-420f-ba73-5a33d6796737","position":[168.229263,-867.903442,143.582214],"isRenderEnabled":false,"rotationMatrix":[-0.251215219,0.965219855,-0.0723984241,-0.967818618,-0.249341488,0.0339983255,0.0147639252,0.0786094517,0.996796131],"shapeName":"/levels/west_coast_usa/art/shapes/objects/barrierfence_plain.dae"}
{"name":"Mesh Spline 3_Main_48","class":"TSStatic","__parent":"Mesh Spline 3 - e0e68b94-fd03-420f-ba73-5a33d6796737","position":[167.727234,-865.155334,143.393967],"isRenderEnabled":false,"rotationMatrix":[-0.103534579,0.993186951,-0.0534825027,-0.994169354,-0.101708293,0.035816472,0.0301328376,0.0568789057,0.997926235],"shapeName":"/levels/west_coast_usa/art/shapes/objects/barrierfence_plain.dae"}
{"name":"Mesh Spline 3_Main_49","class":"TSStatic","__parent":"Mesh Spline 3 - e0e68b94-fd03-420f-ba73-5a33d6796737","position":[167.776886,-862.375183,143.22998],"isRenderEnabled":false,"rotationMatrix":[0.127414346,0.990710378,-0.0475238524,-0.990169406,0.129840136,0.0520199984,0.0577072538,0.0404285714,0.997514606],"shapeName":"/levels/west_coast_usa/art/shapes/objects/barrierfence_plain.dae"}
{"name":"Mesh Spline 3_Main_50","class":"TSStatic","__parent":"Mesh Spline 3 - e0e68b94-fd03-420f-ba73-5a33d6796737","position":[168.520676,-859.700745,143.109573],"isRenderEnabled":false,"rotationMatrix":[0.399564028,0.915892303,-0.0386001393,-0.915072381,0.401010752,0.0428134724,0.0546915978,0.0182151943,0.99833715],"shapeName":"/levels/west_coast_usa/art/shapes/objects/barrierfence_plain.dae"}
{"name":"Mesh Spline 3_Main_51","class":"TSStatic","__parent":"Mesh Spline 3 - e0e68b94-fd03-420f-ba73-5a33d6796737","position":[169.854782,-857.244263,143.072693],"isRenderEnabled":false,"rotationMatrix":[0.551974356,0.833793879,0.0105903018,-0.831634998,0.549529016,0.0800068229,0.0608895123,-0.0529689826,0.996738076],"shapeName":"/levels/west_coast_usa/art/shapes/objects/barrierfence_plain.dae"}
{"name":"Mesh Spline 3_Main_52","class":"TSStatic","__parent":"Mesh Spline 3 - e0e68b94-fd03-420f-ba73-5a33d6796737","position":[171.585632,-855.043152,143.12178],"isRenderEnabled":false,"rotationMatrix":[0.678702176,0.734049916,0.0231088977,-0.733094931,0.675263286,0.0811869502,0.0439906791,-0.0720427781,0.996430933],"shapeName":"/levels/west_coast_usa/art/shapes/objects/barrierfence_plain.dae"}
{"name":"Mesh Spline 3_Main_53","class":"TSStatic","__parent":"Mesh Spline 3 - e0e68b94-fd03-420f-ba73-5a33d6796737","position":[173.655899,-853.16571,143.218307],"isRenderEnabled":false,"rotationMatrix":[0.801783979,0.596725464,0.0325751081,-0.597266436,0.798267841,0.0777249411,0.0203767885,-0.0817746297,0.996442497],"shapeName":"/levels/west_coast_usa/art/shapes/objects/barrierfence_plain.dae"}
{"name":"Mesh Spline 3_Main_54","class":"TSStatic","__parent":"Mesh Spline 3 - e0e68b94-fd03-420f-ba73-5a33d6796737","position":[176.088715,-851.838684,143.321503],"isRenderEnabled":false,"rotationMatrix":[0.940055966,0.340036422,0.0258839801,-0.341010183,0.937897265,0.0637241006,-0.00260799844,-0.0687309206,0.997631848],"shapeName":"/levels/west_coast_usa/art/shapes/objects/barrierfence_plain.dae"}
{"name":"Mesh Spline 3_Main_55","class":"TSStatic","__parent":"Mesh Spline 3 - e0e68b94-fd03-420f-ba73-5a33d6796737","position":[178.796585,-851.198181,143.421677],"isRenderEnabled":false,"rotationMatrix":[0.991980195,0.122213706,0.0322347358,-0.124106988,0.990115702,0.0653323159,-0.0239316151,-0.0688089207,0.997342765],"shapeName":"/levels/west_coast_usa/art/shapes/objects/barrierfence_plain.dae"}
{"name":"Mesh Spline 3_Main_56","class":"TSStatic","__parent":"Mesh Spline 3 - e0e68b94-fd03-420f-ba73-5a33d6796737","position":[181.595642,-851.026855,143.538406],"isRenderEnabled":false,"rotationMatrix":[0.999158859,0.0143512143,0.0384132452,-0.0172896497,0.996858716,0.0772903934,-0.037183363,-0.0778895393,0.996268332],"shapeName":"/levels/west_coast_usa/art/shapes/objects/barrierfence_plain.dae"}
{"name":"Mesh Spline 3_Main_57","class":"TSStatic","__parent":"Mesh Spline 3 - e0e68b94-fd03-420f-ba73-5a33d6796737","position":[184.40329,-851.010803,143.690201],"isRenderEnabled":false,"rotationMatrix":[0.998153687,0.0052479594,0.0605121963,-0.00997925736,0.996891439,0.0781526119,-0.0599139519,-0.0786121786,0.99510324],"shapeName":"/levels/west_coast_usa/art/shapes/objects/barrierfence_plain.dae"}
{"name":"Mesh Spline 3_Main_58","class":"TSStatic","__parent":"Mesh Spline 3 - e0e68b94-fd03-420f-ba73-5a33d6796737","position":[187.208054,-850.999084,143.888428],"isRenderEnabled":false,"rotationMatrix":[0.997498214,-0.00056010508,0.0706896111,-0.00432361197,0.997613192,0.0689148456,-0.0705594942,-0.069048062,0.995114923],"shapeName":"/levels/west_coast_usa/art/shapes/objects/barrierfence_plain.dae"}
{"name":"Mesh Spline 3_Main_59","class":"TSStatic","__parent":"Mesh Spline 3 - e0e68b94-fd03-420f-ba73-5a33d6796737","position":[190.010132,-851.044006,144.110184],"isRenderEnabled":false,"rotationMatrix":[0.995980978,-0.0299933348,0.0843939185,0.0260876548,0.998553813,0.0470075756,-0.0856817812,-0.0446170121,0.995323062],"shapeName":"/levels/west_coast_usa/art/shapes/objects/barrierfence_plain.dae"}
{"name":"Mesh Spline 3_Main_60","class":"TSStatic","__parent":"Mesh Spline 3 - e0e68b94-fd03-420f-ba73-5a33d6796737","position":[192.809799,-851.187683,144.329025],"isRenderEnabled":false,"rotationMatrix":[0.99446702,-0.0723135546,0.0761980861,0.0699049458,0.99698019,0.0338200293,-0.0784136355,-0.0283062793,0.99651897],"shapeName":"/levels/west_coast_usa/art/shapes/objects/barrierfence_plain.dae"}
{"name":"Mesh Spline 3_Main_61","class":"TSStatic","__parent":"Mesh Spline 3 - e0e68b94-fd03-420f-ba73-5a33d6796737","position":[195.608383,-851.380127,144.525131],"isRenderEnabled":false,"rotationMatrix":[0.99633199,-0.0660654828,0.0543872081,0.0649182126,0.997634649,0.0225996114,-0.055751618,-0.0189859942,0.998264134],"shapeName":"/levels/west_coast_usa/art/shapes/objects/barrierfence_plain.dae"}
{"name":"Mesh Spline 3_Main_62","class":"TSStatic","__parent":"Mesh Spline 3 - e0e68b94-fd03-420f-ba73-5a33d6796737","position":[198.40976,-851.579102,144.640427],"isRenderEnabled":false,"rotationMatrix":[0.997539639,-0.064216882,0.0281213112,0.0639996678,0.997913241,0.00855846703,-0.0286122262,-0.00673765596,0.999567866],"shapeName":"/levels/west_coast_usa/art/shapes/objects/barrierfence_plain.dae"}
{"name":"Mesh Spline 3_Main_63","class":"TSStatic","__parent":"Mesh Spline 3 - e0e68b94-fd03-420f-ba73-5a33d6796737","position":[201.214523,-851.741638,144.599899],"isRenderEnabled":false,"rotationMatrix":[0.996984482,-0.0560537949,-0.0536653213,0.0519552752,0.995833695,-0.0749396086,0.0576423816,0.0719254315,0.995742977],"shapeName":"/levels/west_coast_usa/art/shapes/objects/barrierfence_plain.dae"}
{"name":"Mesh Spline 3_Main_64","class":"TSStatic","__parent":"Mesh Spline 3 - e0e68b94-fd03-420f-ba73-5a33d6796737","position":[204.021896,-851.867188,144.502365],"isRenderEnabled":false,"rotationMatrix":[0.998495817,-0.0506386459,-0.0210209861,0.0463817865,0.984579504,-0.168677002,0.0292384066,0.167448282,0.985447228],"shapeName":"/levels/west_coast_usa/art/shapes/objects/barrierfence_plain.dae"}
{"name":"Mesh Spline 3_Main_65","class":"TSStatic","__parent":"Mesh Spline 3 - e0e68b94-fd03-420f-ba73-5a33d6796737","position":[206.831131,-851.982849,144.445694],"isRenderEnabled":false,"rotationMatrix":[0.998997271,-0.0365008712,-0.0259249974,0.0297325924,0.973821044,-0.225363106,0.0334722586,0.224366307,0.973929882],"shapeName":"/levels/west_coast_usa/art/shapes/objects/barrierfence_plain.dae"}
{"name":"Mesh Spline 3_Main_66","class":"TSStatic","__parent":"Mesh Spline 3 - e0e68b94-fd03-420f-ba73-5a33d6796737","position":[209.640518,-852.096436,144.392593],"isRenderEnabled":false,"rotationMatrix":[0.999161661,-0.0370886438,-0.0173321143,0.033116024,0.981138825,-0.190446764,0.0240686201,0.18971312,0.981544495],"shapeName":"/levels/west_coast_usa/art/shapes/objects/barrierfence_plain.dae"}
{"name":"Mesh Spline 3_StartCap","class":"TSStatic","__parent":"Mesh Spline 3 - e0e68b94-fd03-420f-ba73-5a33d6796737","position":[291.554443,-900.259888,147.048294],"isRenderEnabled":false,"rotationMatrix":[-0.603233576,-0.797522306,0.0082127573,0.797562599,-0.603223205,0.00397379603,0.00178493443,0.00894731563,0.999958396],"shapeName":"/levels/west_coast_usa/art/shapes/objects/sandbarrel.dae"}
