{"ctxid":1,"pos":[-1709.89929,-1290.25781,97.2109909],"rotationMatrix":[0.0277456734,0.999614954,0,-0.999614954,0.0277456734,0,0,0,0.999999881],"scale":1.20536757,"type":"eucalyptus_tall_distant"}
{"ctxid":1,"pos":[-1732.23071,-1281.78662,107.49189],"rotationMatrix":[-0.792539716,0.609820187,0,-0.609820187,-0.792539716,0,0,0,0.999999881],"scale":1.25291371,"type":"eucalyptus_tall_distant"}
{"ctxid":1,"pos":[-1743.46375,-1279.07861,102.305283],"rotationMatrix":[0.0621425323,0.9980672,0,-0.9980672,0.0621425323,0,0,0,0.999999881],"scale":1.0446043,"type":"eucalyptus_tall_distant"}
{"ctxid":1,"pos":[-1701.0824,-1253.36938,101.667465],"rotationMatrix":[-0.999854207,0.0170714576,0,-0.0170714576,-0.999854207,0,0,0,0.999999881],"scale":1.29961705,"type":"eucalyptus_tall_distant"}
{"ctxid":1,"pos":[-1715.35034,-1263.85352,107.75],"rotationMatrix":[0.44086501,-0.897573352,0,0.897573352,0.44086501,0,0,0,0.999999881],"scale":1.01904833,"type":"eucalyptus_tall_distant"}
{"ctxid":1,"pos":[-1694.61536,-1263.03906,96.4867554],"rotationMatrix":[-0.982534707,-0.186079234,0,0.186079234,-0.982534707,0,0,0,0.999999881],"scale":1.04817438,"type":"eucalyptus_tall_distant"}
{"ctxid":1,"pos":[-1685.75964,-1227.44763,106.005302],"rotationMatrix":[0.943344414,0.331815124,0,-0.331815124,0.943344414,0,0,0,0.999999881],"scale":1.06580091,"type":"eucalyptus_tall_distant"}
{"ctxid":1,"pos":[-1712.08936,-1257.50244,108.854767],"rotationMatrix":[0.900931001,-0.433962077,0,0.433962077,0.900931001,0,0,0,0.999999881],"scale":1.29935896,"type":"eucalyptus_tall_distant"}
{"ctxid":1,"pos":[-1705.74036,-1239.39062,111.599304],"rotationMatrix":[0.640665054,-0.767820418,0,0.767820418,0.640665054,0,0,0,0.999999881],"scale":1.20671892,"type":"eucalyptus_tall_distant"}
{"ctxid":1,"pos":[-1665.41162,-1208.48853,105.060051],"rotationMatrix":[-0.991725564,0.12837559,0,-0.12837559,-0.991725564,0,0,0,0.999999881],"scale":1.1129806,"type":"eucalyptus_tall_distant"}
{"ctxid":1,"pos":[-1649.97046,-1244.06213,94.1885223],"rotationMatrix":[-0.586116314,-0.810226917,0,0.810226917,-0.586116314,0,0,0,0.999999881],"scale":1.03673375,"type":"eucalyptus_tall_distant"}
{"ctxid":1,"pos":[-1674.66443,-1232.87976,102.056808],"rotationMatrix":[-0.977467358,0.211086035,0,-0.211086035,-0.977467358,0,0,0,0.999999881],"scale":1.10682189,"type":"eucalyptus_tall_distant"}
{"ctxid":1,"pos":[-1673.2627,-1220.06946,107.201233],"rotationMatrix":[0.360315174,-0.932830513,0,0.932830513,0.360315174,0,0,0,0.999999881],"scale":1.13562632,"type":"eucalyptus_tall_distant"}
{"ctxid":1,"pos":[-1647.10754,-1181.90381,104.116508],"rotationMatrix":[0.732487321,-0.68078059,0,0.68078059,0.732487321,0,0,0,0.999999881],"scale":1.06142068,"type":"eucalyptus_tall_distant"}
{"ctxid":1,"pos":[-1622.67896,-1202.60413,99.2664337],"rotationMatrix":[0.790136576,-0.612930775,0,0.612930775,0.790136576,0,0,0,0.999999881],"scale":1.02071726,"type":"eucalyptus_tall_distant"}
{"ctxid":1,"pos":[-1650.13123,-1188.90186,102.062134],"rotationMatrix":[0.998186529,0.0601950958,0,-0.0601950958,0.998186529,0,0,0,0.999999881],"scale":1.22745681,"type":"eucalyptus_tall_distant"}
{"ctxid":1,"pos":[-1631.14612,-1197.16956,107.190529],"rotationMatrix":[0.290130913,-0.956986845,0,0.956986845,0.290130913,0,0,0,0.999999881],"scale":1.24332881,"type":"eucalyptus_tall_distant"}
{"ctxid":1,"pos":[-1640.62512,-1152.05139,115.905739],"rotationMatrix":[0.184257373,0.982878029,0,-0.982878029,0.184257373,0,0,0,0.999999881],"scale":1.13034213,"type":"eucalyptus_tall_distant"}
{"ctxid":1,"pos":[-1631.02222,-1162.18896,110.647926],"rotationMatrix":[-0.694054544,0.719922185,0,-0.719922185,-0.694054544,0,0,0,0.999999881],"scale":1.18105578,"type":"eucalyptus_tall_distant"}
{"ctxid":1,"pos":[-1610.08179,-1186.11926,102.779808],"rotationMatrix":[0.922507465,-0.385978878,0,0.385978878,0.922507465,0,0,0,0.999999881],"scale":1.12402534,"type":"eucalyptus_tall_distant"}
{"ctxid":1,"pos":[-1655.1001,-1111.31396,119.751007],"rotationMatrix":[0.672393978,0.740193427,0,-0.740193427,0.672393978,0,0,0,0.999999881],"scale":1.23282349,"type":"eucalyptus_tall_distant"}
{"ctxid":1,"pos":[-1635.23279,-1115.30872,114.406723],"rotationMatrix":[-0.674063921,0.738672793,0,-0.738672793,-0.674063921,0,0,0,0.999999881],"scale":1.11537302,"type":"eucalyptus_tall_distant"}
{"ctxid":1,"pos":[-1664.86694,-1110.52954,123.088463],"rotationMatrix":[-0.999953091,-0.00967907812,0,0.00967907812,-0.999953091,0,0,0,0.999999881],"scale":1.27546525,"type":"eucalyptus_tall_distant"}
{"ctxid":1,"pos":[-1706.45715,-1085.32068,141.409637],"rotationMatrix":[0.0252433717,-0.999681234,0,0.999681234,0.0252433717,0,0,0,0.999999881],"scale":1.09360838,"type":"eucalyptus_tall_distant"}
{"ctxid":1,"pos":[-1676.61865,-1071.13171,136.678741],"rotationMatrix":[0.71405369,-0.700090885,0,0.700090885,0.71405369,0,0,0,0.999999881],"scale":1.03587866,"type":"eucalyptus_tall_distant"}
{"ctxid":1,"pos":[-1678.50806,-1107.24011,121.111588],"rotationMatrix":[-0.967793226,-0.251746118,0,0.251746118,-0.967793226,0,0,0,0.999999881],"scale":1.25546432,"type":"eucalyptus_tall_distant"}
{"ctxid":1,"pos":[-1696.54761,-1087.58594,140.224777],"rotationMatrix":[-0.922765315,-0.385362089,0,0.385362089,-0.922765315,0,0,0,0.999999881],"scale":1.2689786,"type":"eucalyptus_tall_distant"}
{"ctxid":1,"pos":[-1686.92871,-1072.25403,129.132385],"rotationMatrix":[-0.965357125,-0.260931909,0,0.260931909,-0.965357125,0,0,0,0.999999881],"scale":1.16446519,"type":"eucalyptus_tall_distant"}
{"ctxid":1,"pos":[-1728.70374,-1076.67712,140.394852],"rotationMatrix":[-0.465658575,-0.884964466,0,0.884964466,-0.465658575,0,0,0,0.999999881],"scale":1.16753435,"type":"eucalyptus_tall_distant"}
{"ctxid":1,"pos":[-1756.93677,-1083.07202,151.302429],"rotationMatrix":[-0.311838835,-0.950134933,0,0.950134933,-0.311838835,0,0,0,0.999999881],"scale":1.03810096,"type":"eucalyptus_tall_distant"}
{"ctxid":1,"pos":[-1765.90515,-1083.20239,158.627258],"rotationMatrix":[0.97829622,-0.207211107,0,0.207211107,0.97829622,0,0,0,0.999999881],"scale":1.23995519,"type":"eucalyptus_tall_distant"}
{"ctxid":1,"pos":[-1760.76819,-1061.46106,156.339493],"rotationMatrix":[-0.824976027,-0.565167785,0,0.565167785,-0.824976027,0,0,0,0.999999881],"scale":1.11647379,"type":"eucalyptus_tall_distant"}
{"ctxid":1,"pos":[-1826.8573,-1066.75232,178.524017],"rotationMatrix":[-0.914541662,0.404491633,0,-0.404491633,-0.914541662,0,0,0,0.999999881],"scale":1.15872073,"type":"eucalyptus_tall_distant"}
{"ctxid":1,"pos":[-1843.77014,-1061.20374,183.728836],"rotationMatrix":[-0.0146663319,0.999892354,0,-0.999892354,-0.0146663319,0,0,0,0.999999881],"scale":1.14522731,"type":"eucalyptus_tall_distant"}
{"ctxid":1,"pos":[-1857.50183,-1025.92725,186.717941],"rotationMatrix":[0.967567623,-0.252611935,0,0.252611935,0.967567623,0,0,0,0.999999881],"scale":1.11810064,"type":"eucalyptus_tall_distant"}
{"ctxid":1,"pos":[-1698.59839,-1156.32715,125.827454],"rotationMatrix":[0.704036534,0.710163772,0,-0.710163772,0.704036534,0,0,0,0.999999881],"scale":1.07392657,"type":"eucalyptus_tall_distant"}
{"ctxid":1,"pos":[-1690.31006,-1178.20032,116.980461],"rotationMatrix":[-0.386024147,-0.92248863,0,0.92248863,-0.386024147,0,0,0,0.999999881],"scale":1.05647099,"type":"eucalyptus_tall_distant"}
{"ctxid":1,"pos":[-1701.81372,-1150.51782,124.06575],"rotationMatrix":[0.296618372,-0.95499599,0,0.95499599,0.296618372,0,0,0,0.999999881],"scale":1.23102582,"type":"eucalyptus_tall_distant"}
{"ctxid":1,"pos":[-1723.71497,-1131.85986,133.558228],"rotationMatrix":[-0.915058434,0.403321296,0,-0.403321296,-0.915058434,0,0,0,0.999999881],"scale":1.03973269,"type":"eucalyptus_tall_distant"}
{"ctxid":1,"pos":[-1725.5907,-1180.55029,134.175003],"rotationMatrix":[0.660544932,0.750786483,0,-0.750786483,0.660544932,0,0,0,0.999999881],"scale":1.21485972,"type":"eucalyptus_tall_distant"}
{"ctxid":1,"pos":[-1717.9801,-1185.41077,121.229126],"rotationMatrix":[0.873011768,0.487699032,0,-0.487699032,0.873011768,0,0,0,0.999999881],"scale":1.0086565,"type":"eucalyptus_tall_distant"}
{"ctxid":1,"pos":[-1728.74585,-1139.09802,141.950089],"rotationMatrix":[-0.441981465,-0.897024155,0,0.897024155,-0.441981465,0,0,0,0.999999881],"scale":1.06920838,"type":"eucalyptus_tall_distant"}
{"ctxid":1,"pos":[-1792.61597,-1138.41321,155.540466],"rotationMatrix":[-0.925440252,0.378893316,0,-0.378893316,-0.925440252,0,0,0,0.999999881],"scale":1.26436615,"type":"eucalyptus_tall_distant"}
{"ctxid":1,"pos":[-1746.15967,-1147.7489,146.595245],"rotationMatrix":[0.96769768,-0.252113253,0,0.252113253,0.96769768,0,0,0,0.999999881],"scale":1.01151836,"type":"eucalyptus_tall_distant"}
{"ctxid":1,"pos":[-1758.56042,-1129.10767,144.191681],"rotationMatrix":[-0.999647677,-0.0265387427,0,0.0265387427,-0.999647677,0,0,0,0.999999881],"scale":1.16442943,"type":"eucalyptus_tall_distant"}
{"ctxid":1,"pos":[-1733.8457,-1166.45984,141.079193],"rotationMatrix":[-0.317440003,-0.948278248,0,0.948278248,-0.317440003,0,0,0,0.999999881],"scale":1.19752669,"type":"eucalyptus_tall_distant"}
{"ctxid":1,"pos":[-1778.1864,-1164.76147,149.022736],"rotationMatrix":[-0.947522461,0.319689125,0,-0.319689125,-0.947522461,0,0,0,0.999999881],"scale":1.23636007,"type":"eucalyptus_tall_distant"}
{"ctxid":1,"pos":[-1745.87378,-1167.93591,144.549026],"rotationMatrix":[-0.257068604,0.966393054,0,-0.966393054,-0.257068604,0,0,0,0.999999881],"scale":1.06695747,"type":"eucalyptus_tall_distant"}
{"ctxid":1,"pos":[-1735.22473,-1212.79736,127.963905],"rotationMatrix":[-0.988915384,-0.148479536,0,0.148479536,-0.988915384,0,0,0,0.999999881],"scale":1.26887417,"type":"eucalyptus_tall_distant"}
{"ctxid":1,"pos":[-1718.61731,-1228.35339,117.008087],"rotationMatrix":[-0.868339658,0.495969921,0,-0.495969921,-0.868339658,0,0,0,0.999999881],"scale":1.0735625,"type":"eucalyptus_tall_distant"}
{"ctxid":1,"pos":[-1753.73169,-1220.07202,134.022766],"rotationMatrix":[0.352794349,0.935700893,0,-0.935700893,0.352794349,0,0,0,0.999999881],"scale":1.1441586,"type":"eucalyptus_tall_distant"}
{"ctxid":1,"pos":[-1747.79761,-1210.04858,134.847351],"rotationMatrix":[-0.19538483,0.98072654,0,-0.98072654,-0.19538483,0,0,0,0.999999881],"scale":1.23740387,"type":"eucalyptus_tall_distant"}
{"ctxid":1,"pos":[-1746.88623,-1264.86768,115.534821],"rotationMatrix":[0.13896282,0.990297496,0,-0.990297496,0.13896282,0,0,0,0.999999881],"scale":1.14799333,"type":"eucalyptus_tall_distant"}
{"ctxid":1,"pos":[-1748.51868,-1251.16895,117.388405],"rotationMatrix":[-0.416719645,-0.909034967,0,0.909034967,-0.416719645,0,0,0,0.999999881],"scale":1.0061475,"type":"eucalyptus_tall_distant"}
{"ctxid":1,"pos":[-1773.24194,-1282.328,110.85553],"rotationMatrix":[0.0943753049,0.995536625,0,-0.995536625,0.0943753049,0,0,0,0.999999881],"scale":1.28107405,"type":"eucalyptus_tall_distant"}
{"ctxid":1,"pos":[-1824.38062,-1280.42725,126.892433],"rotationMatrix":[0.520406306,-0.853918612,0,0.853918612,0.520406306,0,0,0,0.999999881],"scale":1.06143713,"type":"eucalyptus_tall_distant"}
{"ctxid":1,"pos":[-1780.31543,-1278.20569,116.92659],"rotationMatrix":[-0.662698567,0.748885989,0,-0.748885989,-0.662698567,0,0,0,0.999999881],"scale":1.17208171,"type":"eucalyptus_tall_distant"}
{"ctxid":1,"pos":[-1797.7489,-1236.43506,135.323013],"rotationMatrix":[0.790653288,0.612264097,0,-0.612264097,0.790653288,0,0,0,0.999999881],"scale":1.22611582,"type":"eucalyptus_tall_distant"}
{"ctxid":1,"pos":[-1807.23486,-1277.12402,125.598869],"rotationMatrix":[0.694093943,0.719884455,0,-0.719884455,0.694093943,0,0,0,0.999999881],"scale":1.0674125,"type":"eucalyptus_tall_distant"}
{"ctxid":1,"pos":[-1810.72205,-1234.46436,138.327698],"rotationMatrix":[0.851914525,-0.523680627,0,0.523680627,0.851914525,0,0,0,0.999999881],"scale":1.26977801,"type":"eucalyptus_tall_distant"}
{"ctxid":1,"pos":[-1799.74121,-1305.10901,118.05822],"rotationMatrix":[-0.536939502,0.843620539,0,-0.843620539,-0.536939502,0,0,0,0.999999881],"scale":1.18888998,"type":"eucalyptus_tall_distant"}
{"ctxid":1,"pos":[-1831.04639,-1275.80627,134.698975],"rotationMatrix":[0.765663266,0.643241584,0,-0.643241584,0.765663266,0,0,0,0.999999881],"scale":1.19760597,"type":"eucalyptus_tall_distant"}
{"ctxid":1,"pos":[-1826.06836,-1274.78711,138.264542],"rotationMatrix":[0.363281548,-0.931679249,0,0.931679249,0.363281548,0,0,0,0.999999881],"scale":1.19949245,"type":"eucalyptus_tall_distant"}
{"ctxid":1,"pos":[-1851.41882,-1344.34558,122.005203],"rotationMatrix":[0.308174998,0.951329648,0,-0.951329648,0.308174998,0,0,0,0.999999881],"scale":1.01366019,"type":"eucalyptus_tall_distant"}
{"ctxid":1,"pos":[-1844.60278,-1321.04041,125.898788],"rotationMatrix":[0.971133649,-0.238535598,0,0.238535598,0.971133649,0,0,0,0.999999881],"scale":1.18123269,"type":"eucalyptus_tall_distant"}
{"ctxid":1,"pos":[-1825.97852,-1348.12598,114.696854],"rotationMatrix":[-0.717184603,0.696882963,0,-0.696882963,-0.717184603,0,0,0,0.999999881],"scale":1.03832793,"type":"eucalyptus_tall_distant"}
{"ctxid":1,"pos":[-1837.10474,-1364.44153,117.789803],"rotationMatrix":[0.735783756,0.67721653,0,-0.67721653,0.735783756,0,0,0,0.999999881],"scale":1.19149184,"type":"eucalyptus_tall_distant"}
{"ctxid":1,"pos":[-1872.05762,-1379.25854,113.496712],"rotationMatrix":[0.836729527,0.547616363,0,-0.547616363,0.836729527,0,0,0,0.999999881],"scale":1.13011658,"type":"eucalyptus_tall_distant"}
{"ctxid":1,"pos":[-1886.1792,-1401.22559,117.163147],"rotationMatrix":[0.964119136,0.265469939,0,-0.265469939,0.964119136,0,0,0,0.999999881],"scale":1.10872567,"type":"eucalyptus_tall_distant"}
{"ctxid":1,"pos":[-1843.26416,-1414.86853,104.158768],"rotationMatrix":[0.138299063,-0.99039042,0,0.99039042,0.138299063,0,0,0,0.999999881],"scale":1.0260576,"type":"eucalyptus_tall_distant"}
{"ctxid":1,"pos":[-1883.38403,-1420.71228,112.232849],"rotationMatrix":[-0.791945279,-0.610591888,0,0.610591888,-0.791945279,0,0,0,0.999999881],"scale":1.20102775,"type":"eucalyptus_tall_distant"}
{"ctxid":1,"pos":[-1894.09326,-1411.97363,116.572418],"rotationMatrix":[-0.780683815,-0.624926209,0,0.624926209,-0.780683815,0,0,0,0.999999881],"scale":1.10483456,"type":"eucalyptus_tall_distant"}
{"ctxid":1,"pos":[-1889.7052,-1434.42456,107.216087],"rotationMatrix":[0.811873615,-0.583833098,0,0.583833098,0.811873615,0,0,0,0.999999881],"scale":1.17365241,"type":"eucalyptus_tall_distant"}
{"ctxid":1,"pos":[-1875.77881,-1420.10059,113.023521],"rotationMatrix":[0.899728358,0.436450183,0,-0.436450183,0.899728358,0,0,0,0.999999881],"scale":1.11454356,"type":"eucalyptus_tall_distant"}
{"ctxid":1,"pos":[-1893.88245,-1397.31421,111.222595],"rotationMatrix":[-0.975360096,-0.220618665,0,0.220618665,-0.975360096,0,0,0,0.999999881],"scale":1.03419936,"type":"eucalyptus_tall_distant"}
{"ctxid":1,"pos":[-1927.99109,-1464.33032,107.698975],"rotationMatrix":[-0.372990549,-0.927835107,0,0.927835107,-0.372990549,0,0,0,0.999999881],"scale":1.23759151,"type":"eucalyptus_tall_distant"}
{"ctxid":1,"pos":[-1909.83899,-1491.49072,100.659676],"rotationMatrix":[0.984698594,-0.174265623,0,0.174265623,0.984698594,0,0,0,0.999999881],"scale":1.22064006,"type":"eucalyptus_tall_distant"}
{"ctxid":1,"pos":[-1896.35046,-1463.91235,103.63649],"rotationMatrix":[0.999584377,0.028825881,0,-0.028825881,0.999584377,0,0,0,0.999999881],"scale":1.09136748,"type":"eucalyptus_tall_distant"}
{"ctxid":1,"pos":[-1932.89502,-1274.87146,171.540955],"rotationMatrix":[0.0101923924,0.999947906,0,-0.999947906,0.0101923924,0,0,0,0.999999881],"scale":1.08377492,"type":"eucalyptus_tall_distant"}
{"ctxid":1,"pos":[-1975.11145,-1237.52783,192.915985],"rotationMatrix":[-0.607748508,0.794129312,0,-0.794129312,-0.607748508,0,0,0,0.999999881],"scale":1.04702818,"type":"eucalyptus_tall_distant"}
{"ctxid":1,"pos":[-1966.56604,-1255.59387,185.249313],"rotationMatrix":[-0.35126096,-0.936277509,0,0.936277509,-0.35126096,0,0,0,0.999999881],"scale":1.16255021,"type":"eucalyptus_tall_distant"}
{"ctxid":1,"pos":[-1957.43713,-1230.7583,190.105759],"rotationMatrix":[0.805894434,-0.592059016,0,0.592059016,0.805894434,0,0,0,0.999999881],"scale":1.12581539,"type":"eucalyptus_tall_distant"}
{"ctxid":1,"pos":[-1914.51099,-1285.15845,163.273987],"rotationMatrix":[0.222731307,0.974879801,0,-0.974879801,0.222731307,0,0,0,0.999999881],"scale":1.22330379,"type":"eucalyptus_tall_distant"}
{"ctxid":1,"pos":[-1922.6687,-1303.54858,155.751801],"rotationMatrix":[-0.625655293,0.780099392,0,-0.780099392,-0.625655293,0,0,0,0.999999881],"scale":1.00075924,"type":"eucalyptus_tall_distant"}
{"ctxid":1,"pos":[-1883.48157,-1286.21008,142.949051],"rotationMatrix":[-0.96096921,-0.276654959,0,0.276654959,-0.96096921,0,0,0,0.999999881],"scale":1.20098543,"type":"eucalyptus_tall_distant"}
{"ctxid":1,"pos":[-1913.32141,-1324.80981,145.983002],"rotationMatrix":[0.999997616,0.00214082212,0,-0.00214082212,0.999997616,0,0,0,0.999999881],"scale":1.0586437,"type":"eucalyptus_tall_distant"}
{"ctxid":1,"pos":[-1918.2196,-1136.34998,198.678925],"rotationMatrix":[0.498136044,0.867098927,0,-0.867098927,0.498136044,0,0,0,0.999999881],"scale":1.04563332,"type":"eucalyptus_tall_distant"}
{"ctxid":1,"pos":[-1928.87573,-1123.76477,203.327332],"rotationMatrix":[-0.997529864,0.0702415779,0,-0.0702415779,-0.997529864,0,0,0,0.999999881],"scale":1.16376197,"type":"eucalyptus_tall_distant"}
{"ctxid":1,"pos":[-1950.37012,-1138.70227,213.266129],"rotationMatrix":[0.994602621,-0.103756823,0,0.103756823,0.994602621,0,0,0,0.999999881],"scale":1.12737858,"type":"eucalyptus_tall_distant"}
{"ctxid":1,"pos":[-1962.29395,-1140.33643,210.281998],"rotationMatrix":[0.947885334,0.318611532,0,-0.318611532,0.947885334,0,0,0,0.999999881],"scale":1.15942764,"type":"eucalyptus_tall_distant"}
{"ctxid":1,"pos":[-1921.81836,-1131.41028,201.073944],"rotationMatrix":[0.969462097,0.245240942,0,-0.245240942,0.969462097,0,0,0,0.999999881],"scale":1.13304162,"type":"eucalyptus_tall_distant"}
{"ctxid":1,"pos":[-1914.18628,-1125.93616,197.280792],"rotationMatrix":[0.45457533,0.890708327,0,-0.890708327,0.45457533,0,0,0,0.999999881],"scale":1.11649716,"type":"eucalyptus_tall_distant"}
{"ctxid":1,"pos":[-1889.53333,-1135.88062,184.639862],"rotationMatrix":[0.674555004,-0.738224328,0,0.738224328,0.674555004,0,0,0,0.999999881],"scale":1.13171053,"type":"eucalyptus_tall_distant"}
{"ctxid":1,"pos":[-1886.95386,-1125.69592,193.381882],"rotationMatrix":[0.800743878,-0.599006832,0,0.599006832,0.800743878,0,0,0,0.999999881],"scale":1.13939095,"type":"eucalyptus_tall_distant"}
{"ctxid":1,"pos":[-1862.7478,-1168.00916,177.999298],"rotationMatrix":[-0.971384525,0.237512112,0,-0.237512112,-0.971384525,0,0,0,0.999999881],"scale":1.04682648,"type":"eucalyptus_tall_distant"}
{"ctxid":1,"pos":[-1898.77319,-1153.32629,195.62326],"rotationMatrix":[-0.902891994,0.429867268,0,-0.429867268,-0.902891994,0,0,0,0.999999881],"scale":1.06113577,"type":"eucalyptus_tall_distant"}
{"ctxid":1,"pos":[-1896.80432,-1138.41003,197.26384],"rotationMatrix":[0.999739408,-0.0228230339,0,0.0228230339,0.999739408,0,0,0,0.999999881],"scale":1.0064081,"type":"eucalyptus_tall_distant"}
{"ctxid":1,"pos":[-1875.67737,-1125.28625,182.013733],"rotationMatrix":[-0.550279975,0.834979951,0,-0.834979951,-0.550279975,0,0,0,0.999999881],"scale":1.24109066,"type":"eucalyptus_tall_distant"}
{"ctxid":1,"pos":[-1894.19946,-918.876221,213.933426],"rotationMatrix":[-0.618081272,-0.786114216,0,0.786114216,-0.618081272,0,0,0,0.999999881],"scale":1.0271883,"type":"eucalyptus_tall_distant"}
{"ctxid":1,"pos":[-1875.24353,-915.841125,208.39122],"rotationMatrix":[0.751266539,0.659998894,0,-0.659998894,0.751266539,0,0,0,0.999999881],"scale":1.18349683,"type":"eucalyptus_tall_distant"}
{"ctxid":1,"pos":[-1893.81006,-924.956909,206.377106],"rotationMatrix":[0.982340336,0.187102497,0,-0.187102497,0.982340336,0,0,0,0.999999881],"scale":1.22236419,"type":"eucalyptus_tall_distant"}
{"ctxid":1,"pos":[-1887.60425,-888.179626,209.938782],"rotationMatrix":[-0.0770584643,-0.997026443,0,0.997026443,-0.0770584643,0,0,0,0.999999881],"scale":1.01322436,"type":"eucalyptus_tall_distant"}
{"ctxid":1,"pos":[-1827.94312,-910.185242,189.34729],"rotationMatrix":[-0.808825552,0.588048339,0,-0.588048339,-0.808825552,0,0,0,0.999999881],"scale":1.04890907,"type":"eucalyptus_tall_distant"}
{"ctxid":1,"pos":[-1852.81873,-927.472046,186.82933],"rotationMatrix":[-0.396154672,0.918183684,0,-0.918183684,-0.396154672,0,0,0,0.999999881],"scale":1.18543983,"type":"eucalyptus_tall_distant"}
{"ctxid":1,"pos":[-1836.89771,-903.229065,188.692993],"rotationMatrix":[0.150263429,0.988645971,0,-0.988645971,0.150263429,0,0,0,0.999999881],"scale":1.25747132,"type":"eucalyptus_tall_distant"}
{"ctxid":1,"pos":[-1846.89661,-935.515198,188.141113],"rotationMatrix":[0.709238827,0.704968274,0,-0.704968274,0.709238827,0,0,0,0.999999881],"scale":1.26386476,"type":"eucalyptus_tall_distant"}
{"ctxid":1,"pos":[-1815.17639,-919.835327,168.965546],"rotationMatrix":[0.56743896,0.823415458,0,-0.823415458,0.56743896,0,0,0,0.999999881],"scale":1.28336239,"type":"eucalyptus_tall_distant"}
{"ctxid":1,"pos":[-1812.01782,-941.719971,166.99939],"rotationMatrix":[0.992316782,-0.123722002,0,0.123722002,0.992316782,0,0,0,0.999999881],"scale":1.11925364,"type":"eucalyptus_tall_distant"}
{"ctxid":1,"pos":[-1765.89319,-878.768982,150.179413],"rotationMatrix":[0.936989009,0.349358767,0,-0.349358767,0.936989009,0,0,0,0.999999881],"scale":1.20218301,"type":"eucalyptus_tall_distant"}
{"ctxid":1,"pos":[-1764.04187,-885.477234,156.478149],"rotationMatrix":[0.432793558,-0.901492953,0,0.901492953,0.432793558,0,0,0,0.999999881],"scale":1.01178908,"type":"eucalyptus_tall_distant"}
{"ctxid":1,"pos":[-1740.01294,-862.277527,144.188995],"rotationMatrix":[0.985472262,0.16983591,0,-0.16983591,0.985472262,0,0,0,0.999999881],"scale":1.17794013,"type":"eucalyptus_tall_distant"}
{"ctxid":1,"pos":[-1761.34192,-867.412231,151.66478],"rotationMatrix":[0.908331573,-0.418250531,0,0.418250531,0.908331573,0,0,0,0.999999881],"scale":1.25101662,"type":"eucalyptus_tall_distant"}
{"ctxid":1,"pos":[-1718.49719,-832.237549,137.088165],"rotationMatrix":[0.667868316,0.744279444,0,-0.744279444,0.667868316,0,0,0,0.999999881],"scale":1.29380202,"type":"eucalyptus_tall_distant"}
{"ctxid":1,"pos":[-1695.72498,-824.798767,130.223755],"rotationMatrix":[0.861194074,0.508276165,0,-0.508276165,0.861194074,0,0,0,0.999999881],"scale":1.28530836,"type":"eucalyptus_tall_distant"}
{"ctxid":1,"pos":[-1704.85376,-847.464355,140.710876],"rotationMatrix":[-0.877194762,-0.480134815,0,0.480134815,-0.877194762,0,0,0,0.999999881],"scale":1.25291574,"type":"eucalyptus_tall_distant"}
{"ctxid":1,"pos":[-1658.36731,-842.217957,132.542877],"rotationMatrix":[0.994256437,0.107023686,0,-0.107023686,0.994256437,0,0,0,0.999999881],"scale":1.04364586,"type":"eucalyptus_tall_distant"}
{"ctxid":1,"pos":[-1640.16382,-824.818481,127.027733],"rotationMatrix":[0.847968757,-0.530046105,0,0.530046105,0.847968757,0,0,0,0.999999881],"scale":1.261971,"type":"eucalyptus_tall_distant"}
{"ctxid":1,"pos":[-1679.297,-815.155151,139.36441],"rotationMatrix":[-0.660964131,-0.750417292,0,0.750417292,-0.660964131,0,0,0,0.999999881],"scale":1.18478036,"type":"eucalyptus_tall_distant"}
{"ctxid":1,"pos":[-1702.91626,-767.267761,148.043701],"rotationMatrix":[-0.126556844,0.991959274,0,-0.991959274,-0.126556844,0,0,0,0.999999881],"scale":1.1003201,"type":"eucalyptus_tall_distant"}
{"ctxid":1,"pos":[-1699.27344,-777.476135,143.410202],"rotationMatrix":[0.981304705,-0.192459986,0,0.192459986,0.981304705,0,0,0,0.999999881],"scale":1.06651664,"type":"eucalyptus_tall_distant"}
{"ctxid":1,"pos":[-1721.97083,-786.788208,144.892609],"rotationMatrix":[-0.130577773,-0.991437972,0,0.991437972,-0.130577773,0,0,0,0.999999881],"scale":1.21788657,"type":"eucalyptus_tall_distant"}
{"ctxid":1,"pos":[-1695.9032,-771.749573,144.60437],"rotationMatrix":[0.994070113,0.108740233,0,-0.108740233,0.994070113,0,0,0,0.999999881],"scale":1.22542906,"type":"eucalyptus_tall_distant"}
{"ctxid":1,"pos":[-1767.98633,-712.859314,175.354782],"rotationMatrix":[0.996164203,-0.0875029564,0,0.0875029564,0.996164203,0,0,0,0.999999881],"scale":1.05029035,"type":"eucalyptus_tall_distant"}
{"ctxid":1,"pos":[-1740.96411,-715.638916,159.507797],"rotationMatrix":[0.00211065426,0.999997735,0,-0.999997735,0.00211065426,0,0,0,0.999999881],"scale":1.02411044,"type":"eucalyptus_tall_distant"}
{"ctxid":1,"pos":[-1774.76489,-734.872009,175.47522],"rotationMatrix":[0.644537389,-0.76457268,0,0.76457268,0.644537389,0,0,0,0.999999881],"scale":1.03413987,"type":"eucalyptus_tall_distant"}
{"ctxid":1,"pos":[-1772.08374,-717.464783,174.6185],"rotationMatrix":[-0.697744608,-0.716346622,0,0.716346622,-0.697744608,0,0,0,0.999999881],"scale":1.2685585,"type":"eucalyptus_tall_distant"}
{"ctxid":1,"pos":[-1824.64734,-731.223938,205.381088],"rotationMatrix":[-0.697162986,-0.716912448,0,0.716912448,-0.697162986,0,0,0,0.999999881],"scale":1.2523253,"type":"eucalyptus_tall_distant"}
{"ctxid":1,"pos":[-1790.31897,-727.38855,184.770325],"rotationMatrix":[0.729398668,-0.684088707,0,0.684088707,0.729398668,0,0,0,0.999999881],"scale":1.1232605,"type":"eucalyptus_tall_distant"}
{"ctxid":1,"pos":[-1778.27429,-711.32074,175.327881],"rotationMatrix":[-0.120521404,0.99271065,0,-0.99271065,-0.120521404,0,0,0,0.999999881],"scale":1.10468459,"type":"eucalyptus_tall_distant"}
{"ctxid":1,"pos":[-1847.29456,-730.85022,213.391907],"rotationMatrix":[-0.360045105,-0.932934821,0,0.932934821,-0.360045105,0,0,0,0.999999881],"scale":1.15817034,"type":"eucalyptus_tall_distant"}
{"ctxid":1,"pos":[-1847.17688,-769.388611,215.592377],"rotationMatrix":[-0.894923747,0.446218997,0,-0.446218997,-0.894923747,0,0,0,0.999999881],"scale":1.29841757,"type":"eucalyptus_tall_distant"}
{"ctxid":1,"pos":[-1858.36755,-732.023987,210.682266],"rotationMatrix":[0.0700383186,0.997544169,0,-0.997544169,0.0700383186,0,0,0,0.999999881],"scale":1.17406607,"type":"eucalyptus_tall_distant"}
{"ctxid":1,"pos":[-1705.58862,-787.44812,138.362335],"rotationMatrix":[0.883015454,-0.469343662,0,0.469343662,0.883015454,0,0,0,0.999999881],"scale":1.18133378,"type":"eucalyptus_tall_distant"}
{"ctxid":1,"pos":[-1684.57788,-775.043518,139.022781],"rotationMatrix":[0.318384469,-0.947961569,0,0.947961569,0.318384469,0,0,0,0.999999881],"scale":1.08331442,"type":"eucalyptus_tall_distant"}
{"ctxid":1,"pos":[-1691.45874,-753.544189,146.417328],"rotationMatrix":[-0.61016953,0.79227066,0,-0.79227066,-0.61016953,0,0,0,0.999999881],"scale":1.2313354,"type":"eucalyptus_tall_distant"}
{"ctxid":1,"pos":[-1638.3866,-802.819824,127.444939],"rotationMatrix":[0.11001794,0.993929565,0,-0.993929565,0.11001794,0,0,0,0.999999881],"scale":1.19953537,"type":"eucalyptus_tall_distant"}
{"ctxid":1,"pos":[-1624.83911,-855.470398,123.977577],"rotationMatrix":[0.0814494491,-0.996677399,0,0.996677399,0.0814494491,0,0,0,0.999999881],"scale":1.23428869,"type":"eucalyptus_tall_distant"}
{"ctxid":1,"pos":[-1624.75171,-836.772461,126.239975],"rotationMatrix":[-0.257827044,-0.966190994,0,0.966190994,-0.257827044,0,0,0,0.999999881],"scale":1.27705169,"type":"eucalyptus_tall_distant"}
{"ctxid":1,"pos":[-1695.02173,-640.056641,157.513321],"rotationMatrix":[-0.999998271,0.0017929941,0,-0.0017929941,-0.999998271,0,0,0,0.999999881],"scale":1.13230062,"type":"eucalyptus_tall_distant"}
{"ctxid":1,"pos":[-1673.33875,-650.702637,147.40126],"rotationMatrix":[-0.743041277,-0.669245601,0,0.669245601,-0.743041277,0,0,0,0.999999881],"scale":1.25387061,"type":"eucalyptus_tall_distant"}
{"ctxid":1,"pos":[-1668.33069,-675.560791,140.710724],"rotationMatrix":[0.286608398,0.958047807,0,-0.958047807,0.286608398,0,0,0,0.999999881],"scale":1.05720329,"type":"eucalyptus_tall_distant"}
{"ctxid":1,"pos":[-1526.58984,-656.752502,124.987381],"rotationMatrix":[-0.142653733,-0.989772499,0,0.989772499,-0.142653733,0,0,0,0.999999881],"scale":1.08405077,"type":"eucalyptus_tall_distant"}
{"ctxid":1,"pos":[-1518.33362,-649.21228,131.655884],"rotationMatrix":[-0.999292314,-0.0376111045,0,0.0376111045,-0.999292314,0,0,0,0.999999881],"scale":1.12634254,"type":"eucalyptus_tall_distant"}
{"ctxid":1,"pos":[-1517.5116,-659.27002,123.339951],"rotationMatrix":[-0.559264243,-0.828989446,0,0.828989446,-0.559264243,0,0,0,0.999999881],"scale":1.12635529,"type":"eucalyptus_tall_distant"}
{"ctxid":1,"pos":[-1484.43152,-637.84259,128.877319],"rotationMatrix":[0.00584757095,-0.999982834,0,0.999982834,0.00584757095,0,0,0,0.999999881],"scale":1.23226118,"type":"eucalyptus_tall_distant"}
{"ctxid":1,"pos":[-1502.34729,-651.83728,127.529991],"rotationMatrix":[-0.0210601632,0.999778092,0,-0.999778092,-0.0210601632,0,0,0,0.999999881],"scale":1.10808504,"type":"eucalyptus_tall_distant"}
{"ctxid":1,"pos":[-1513.75452,-668.788147,123.57531],"rotationMatrix":[-0.0116010122,0.999932587,0,-0.999932587,-0.0116010122,0,0,0,0.999999881],"scale":1.01941597,"type":"eucalyptus_tall_distant"}
{"ctxid":1,"pos":[-1507.98254,-688.291687,122.179482],"rotationMatrix":[0.950527132,0.310641348,0,-0.310641348,0.950527132,0,0,0,0.999999881],"scale":1.15080428,"type":"eucalyptus_tall_distant"}
{"ctxid":1,"pos":[-1459.96216,-664.875,122.106865],"rotationMatrix":[0.997289002,-0.0735831708,0,0.0735831708,0.997289002,0,0,0,0.999999881],"scale":1.00950181,"type":"eucalyptus_tall_distant"}
{"ctxid":1,"pos":[-1568.76416,-696.449097,128.405075],"rotationMatrix":[0.591862202,0.806039155,0,-0.806039155,0.591862202,0,0,0,0.999999881],"scale":1.15320921,"type":"eucalyptus_tall_distant"}
{"ctxid":1,"pos":[-1564.9292,-660.385132,129.845764],"rotationMatrix":[-0.893708289,-0.448648483,0,0.448648483,-0.893708289,0,0,0,0.999999881],"scale":1.12902641,"type":"eucalyptus_tall_distant"}
{"ctxid":1,"pos":[-1562.30713,-672.259766,122.705734],"rotationMatrix":[0.314801782,0.949157417,0,-0.949157417,0.314801782,0,0,0,0.999999881],"scale":1.15456057,"type":"eucalyptus_tall_distant"}
{"ctxid":1,"pos":[-1560.81201,-566.042542,142.271988],"rotationMatrix":[0.268891275,-0.963170469,0,0.963170469,0.268891275,0,0,0,0.999999881],"scale":1.0241859,"type":"eucalyptus_tall_distant"}
{"ctxid":1,"pos":[-1545.63831,-546.709778,150.462601],"rotationMatrix":[0.474774837,-0.880107164,0,0.880107164,0.474774837,0,0,0,0.999999881],"scale":1.08488321,"type":"eucalyptus_tall_distant"}
{"ctxid":1,"pos":[-1562.66687,-553.111084,147.723953],"rotationMatrix":[-0.979110777,0.203327194,0,-0.203327194,-0.979110777,0,0,0,0.999999881],"scale":1.02102423,"type":"eucalyptus_tall_distant"}
{"ctxid":1,"pos":[-1557.84888,-550.379883,149.184708],"rotationMatrix":[0.81915772,0.573568344,0,-0.573568344,0.81915772,0,0,0,0.999999881],"scale":1.17254639,"type":"eucalyptus_tall_distant"}
{"ctxid":1,"pos":[-1487.51184,-570.821533,136.094589],"rotationMatrix":[-0.999418139,-0.0341071784,0,0.0341071784,-0.999418139,0,0,0,0.999999881],"scale":1.2644434,"type":"eucalyptus_tall_distant"}
{"ctxid":1,"pos":[-1495.31897,-593.991516,130.165009],"rotationMatrix":[-0.8543064,0.519769609,0,-0.519769609,-0.8543064,0,0,0,0.999999881],"scale":1.06958556,"type":"eucalyptus_tall_distant"}
{"ctxid":1,"pos":[-1450.29236,-603.6698,123.667084],"rotationMatrix":[0.85349381,-0.521102846,0,0.521102846,0.85349381,0,0,0,0.999999881],"scale":1.01033986,"type":"eucalyptus_tall_distant"}
{"ctxid":1,"pos":[-1454.27771,-563.569336,129.755051],"rotationMatrix":[-0.00388079276,0.999992371,0,-0.999992371,-0.00388079276,0,0,0,0.999999881],"scale":1.0943917,"type":"eucalyptus_tall_distant"}
{"ctxid":1,"pos":[-1434.46387,-571.072937,122.806259],"rotationMatrix":[0.199252963,0.979948044,0,-0.979948044,0.199252963,0,0,0,0.999999881],"scale":1.17482805,"type":"eucalyptus_tall_distant"}
{"ctxid":1,"pos":[-1420.2561,-606.376221,115.48658],"rotationMatrix":[-0.975846946,0.218455181,0,-0.218455181,-0.975846946,0,0,0,0.999999881],"scale":1.05559909,"type":"eucalyptus_tall_distant"}
{"ctxid":1,"pos":[-1440.59082,-627.067566,113.74234],"rotationMatrix":[-0.950474799,0.310801387,0,-0.310801387,-0.950474799,0,0,0,0.999999881],"scale":1.28964555,"type":"eucalyptus_tall_distant"}
{"ctxid":1,"pos":[-1345.12231,-549.133484,116.747421],"rotationMatrix":[-0.665512443,-0.746386766,0,0.746386766,-0.665512443,0,0,0,0.999999881],"scale":1.17291319,"type":"eucalyptus_tall_distant"}
{"ctxid":1,"pos":[-1390.83142,-539.772888,120.466896],"rotationMatrix":[0.999954224,-0.00955982879,0,0.00955982879,0.999954224,0,0,0,0.999999881],"scale":1.06332302,"type":"eucalyptus_tall_distant"}
{"ctxid":1,"pos":[-1361.35486,-569.905212,111.491722],"rotationMatrix":[-0.886685073,0.462373585,0,-0.462373585,-0.886685073,0,0,0,0.999999881],"scale":1.27291775,"type":"eucalyptus_tall_distant"}
{"ctxid":1,"pos":[-1335.58789,-579.739868,114.787796],"rotationMatrix":[0.990831196,0.135105357,0,-0.135105357,0.990831196,0,0,0,0.999999881],"scale":1.14131844,"type":"eucalyptus_tall_distant"}
{"ctxid":1,"pos":[-1334.17676,-547.646179,113.737122],"rotationMatrix":[0.339712441,-0.940529287,0,0.940529287,0.339712441,0,0,0,0.999999881],"scale":1.12391877,"type":"eucalyptus_tall_distant"}
{"ctxid":1,"pos":[-1320.33179,-541.045654,113.348],"rotationMatrix":[0.777711749,0.628620982,0,-0.628620982,0.777711749,0,0,0,0.999999881],"scale":1.01644516,"type":"eucalyptus_tall_distant"}
{"ctxid":1,"pos":[-1349.39856,-567.05011,109.402832],"rotationMatrix":[-0.979015768,0.203784004,0,-0.203784004,-0.979015768,0,0,0,0.999999881],"scale":1.09229994,"type":"eucalyptus_tall_distant"}
{"ctxid":1,"pos":[-1286.27161,-525.80542,104.690392],"rotationMatrix":[0.835041046,0.550187588,0,-0.550187588,0.835041046,0,0,0,0.999999881],"scale":1.24715972,"type":"eucalyptus_tall_distant"}
{"ctxid":1,"pos":[-1315.6521,-492.389709,117.00486],"rotationMatrix":[-0.796812356,-0.604226708,0,0.604226708,-0.796812356,0,0,0,0.999999881],"scale":1.14296031,"type":"eucalyptus_tall_distant"}
{"ctxid":1,"pos":[-1293.90161,-484.732635,110.635315],"rotationMatrix":[0.98521322,-0.171332434,0,0.171332434,0.98521322,0,0,0,0.999999881],"scale":1.08627343,"type":"eucalyptus_tall_distant"}
{"ctxid":1,"pos":[-1421.5542,-471.730194,151.610458],"rotationMatrix":[-0.547377348,-0.836885929,0,0.836885929,-0.547377348,0,0,0,0.999999881],"scale":1.0355252,"type":"eucalyptus_tall_distant"}
{"ctxid":1,"pos":[-1410.5022,-472.521393,144.841507],"rotationMatrix":[-0.689545691,0.724242032,0,-0.724242032,-0.689545691,0,0,0,0.999999881],"scale":1.17500305,"type":"eucalyptus_tall_distant"}
{"ctxid":1,"pos":[-1392.31104,-457.019592,139.246323],"rotationMatrix":[-0.212196574,0.977226913,0,-0.977226913,-0.212196574,0,0,0,0.999999881],"scale":1.06880069,"type":"eucalyptus_tall_distant"}
{"ctxid":1,"pos":[-1440.00537,-457.545288,163.850693],"rotationMatrix":[-0.108126394,-0.994137049,0,0.994137049,-0.108126394,0,0,0,0.999999881],"scale":1.07577419,"type":"eucalyptus_tall_distant"}
{"ctxid":1,"pos":[-1411.2301,-504.573425,132.840881],"rotationMatrix":[-0.977101743,0.21277228,0,-0.21277228,-0.977101743,0,0,0,0.999999881],"scale":1.00852025,"type":"eucalyptus_tall_distant"}
{"ctxid":1,"pos":[-1419.86353,-527.962341,130.550491],"rotationMatrix":[0.723026574,-0.690820038,0,0.690820038,0.723026574,0,0,0,0.999999881],"scale":1.20457983,"type":"eucalyptus_tall_distant"}
{"ctxid":1,"pos":[-1436.77026,-531.995422,129.367935],"rotationMatrix":[0.739427567,0.673236132,0,-0.673236132,0.739427567,0,0,0,0.999999881],"scale":1.2320025,"type":"eucalyptus_tall_distant"}
{"ctxid":1,"pos":[-1463.27625,-430.698273,172.564926],"rotationMatrix":[0.0630434081,0.998010695,0,-0.998010695,0.0630434081,0,0,0,0.999999881],"scale":1.22666264,"type":"eucalyptus_tall_distant"}
{"ctxid":1,"pos":[-1481.19519,-397.806763,185.194183],"rotationMatrix":[-0.56251514,0.826786757,0,-0.826786757,-0.56251514,0,0,0,0.999999881],"scale":1.21652305,"type":"eucalyptus_tall_distant"}
{"ctxid":1,"pos":[-1487.49292,-409.132141,179.48349],"rotationMatrix":[-0.118242323,0.992984593,0,-0.992984593,-0.118242323,0,0,0,0.999999881],"scale":1.04862046,"type":"eucalyptus_tall_distant"}
{"ctxid":1,"pos":[-1419.78357,-381.755157,170.991241],"rotationMatrix":[-0.749455452,0.662054658,0,-0.662054658,-0.749455452,0,0,0,0.999999881],"scale":1.07977235,"type":"eucalyptus_tall_distant"}
{"ctxid":1,"pos":[-1456.84705,-394.083832,172.166428],"rotationMatrix":[0.0176880024,0.999843419,0,-0.999843419,0.0176880024,0,0,0,0.999999881],"scale":1.01834643,"type":"eucalyptus_tall_distant"}
{"ctxid":1,"pos":[-1443.33826,-395.333282,167.529373],"rotationMatrix":[-0.904453993,0.426571071,0,-0.426571071,-0.904453993,0,0,0,0.999999881],"scale":1.28958726,"type":"eucalyptus_tall_distant"}
{"ctxid":1,"pos":[-1243.89575,-249.251801,134.906937],"rotationMatrix":[0.80037123,-0.59950453,0,0.59950453,0.80037123,0,0,0,0.999999881],"scale":1.28156614,"type":"eucalyptus_tall_distant"}
{"ctxid":1,"pos":[-1261.47852,-271.835999,131.174744],"rotationMatrix":[0.930820584,-0.365476161,0,0.365476161,0.930820584,0,0,0,0.999999881],"scale":1.05213261,"type":"eucalyptus_tall_distant"}
{"ctxid":1,"pos":[-1259.00867,-238.832184,140.97937],"rotationMatrix":[0.912960231,-0.408048272,0,0.408048272,0.912960231,0,0,0,0.999999881],"scale":1.1298213,"type":"eucalyptus_tall_distant"}
{"ctxid":1,"pos":[-1423.15369,-393.11676,169.27066],"rotationMatrix":[0.891139448,-0.453729272,0,0.453729272,0.891139448,0,0,0,0.999999881],"scale":1.18995905,"type":"eucalyptus_tall_distant"}
{"ctxid":1,"pos":[-1461.17712,-416.336121,176.505096],"rotationMatrix":[0.451974928,0.892030656,0,-0.892030656,0.451974928,0,0,0,0.999999881],"scale":1.19533253,"type":"eucalyptus_tall_distant"}
{"ctxid":1,"pos":[-1409.58435,-412.035461,148.287338],"rotationMatrix":[0.898939431,0.43807292,0,-0.43807292,0.898939431,0,0,0,0.999999881],"scale":1.23806071,"type":"eucalyptus_tall_distant"}
{"ctxid":1,"pos":[-1115.32642,-56.0916367,183.641342],"rotationMatrix":[0.80440706,-0.594078422,0,0.594078422,0.80440706,0,0,0,0.999999881],"scale":1.11724174,"type":"eucalyptus_tall_distant"}
{"ctxid":1,"pos":[-1156.77795,-49.5921135,194.177734],"rotationMatrix":[0.994141936,-0.108081728,0,0.108081728,0.994141936,0,0,0,0.999999881],"scale":1.01228404,"type":"eucalyptus_tall_distant"}
{"ctxid":1,"pos":[-1109.3269,-53.8807182,175.459763],"rotationMatrix":[-0.533441246,-0.845836937,0,0.845836937,-0.533441246,0,0,0,0.999999881],"scale":1.0961194,"type":"eucalyptus_tall_distant"}
{"ctxid":1,"pos":[-1146.94226,-51.2517166,181.657013],"rotationMatrix":[-0.992260098,-0.124175958,0,0.124175958,-0.992260098,0,0,0,0.999999881],"scale":1.11263156,"type":"eucalyptus_tall_distant"}
{"ctxid":1,"pos":[-1140.20911,-107.90036,166.013016],"rotationMatrix":[-0.992571771,-0.121659607,0,0.121659607,-0.992571771,0,0,0,0.999999881],"scale":1.28853297,"type":"eucalyptus_tall_distant"}
{"ctxid":1,"pos":[-1143.79773,-153.869217,150.615463],"rotationMatrix":[0.908884585,-0.41704765,0,0.41704765,0.908884585,0,0,0,0.999999881],"scale":1.04815066,"type":"eucalyptus_tall_distant"}
{"ctxid":1,"pos":[-1126.30127,-111.731857,159.82283],"rotationMatrix":[-0.926376641,0.376597941,0,-0.376597941,-0.926376641,0,0,0,0.999999881],"scale":1.03098166,"type":"eucalyptus_tall_distant"}
{"ctxid":1,"pos":[-1101.07361,-140.248154,136.193939],"rotationMatrix":[0.389807671,0.920896292,0,-0.920896292,0.389807671,0,0,0,0.999999881],"scale":1.06108069,"type":"eucalyptus_tall_distant"}
{"ctxid":1,"pos":[-1124.68433,-159.879837,146.10022],"rotationMatrix":[-0.327948868,-0.944695413,0,0.944695413,-0.327948868,0,0,0,0.999999881],"scale":1.09840977,"type":"eucalyptus_tall_distant"}
{"ctxid":1,"pos":[-1125.39246,-166.506317,136.392578],"rotationMatrix":[-0.841105282,0.540871263,0,-0.540871263,-0.841105282,0,0,0,0.999999881],"scale":1.23521638,"type":"eucalyptus_tall_distant"}
{"ctxid":1,"pos":[-1014.99365,58.0632401,155.46759],"rotationMatrix":[0.991364717,0.131133214,0,-0.131133214,0.991364717,0,0,0,0.999999881],"scale":1.16783476,"type":"eucalyptus_tall_distant"}
{"ctxid":1,"pos":[-1035.63391,76.3861694,165.944778],"rotationMatrix":[0.354117364,0.935200989,0,-0.935200989,0.354117364,0,0,0,0.999999881],"scale":1.07955468,"type":"eucalyptus_tall_distant"}
