{"ctxid":0,"pos":[1053.45068,-754.127075,169.635742],"rotationMatrix":[-0.962531328,-0.258885622,-0.0806924999,0.266640127,-0.957740426,-0.107869513,-0.0493566245,-0.125343665,0.9908849],"scale":1.1175499,"type":"oak_a_distant"}
{"ctxid":0,"pos":[1033.8783,-595.905396,180.289612],"rotationMatrix":[0.887491524,-0.275632501,0.369304061,0.324255466,0.942955673,-0.0754520297,-0.327440321,0.186711907,0.926240504],"scale":0.819493055,"type":"oak_a_distant"}
{"ctxid":0,"pos":[1035.04089,-607.450012,182.149094],"rotationMatrix":[-0.249338627,0.941421866,-0.227058351,-0.904971123,-0.309977651,-0.291447222,-0.344757736,0.132812262,0.929248631],"scale":1.02201557,"type":"oak_a_distant"}
{"ctxid":0,"pos":[1031.14099,-649.309937,180.489197],"rotationMatrix":[-0.785686731,-0.543234289,-0.295959622,0.550765097,-0.832108259,0.0652144775,-0.281697303,-0.111766107,0.952971637],"scale":1.03400302,"type":"oak_a_distant"}
{"ctxid":0,"pos":[1042.68384,-556.295715,178.89743],"rotationMatrix":[0.820867181,0.518176973,-0.240145192,-0.553579032,0.825308442,-0.11142838,0.140454218,0.224407226,0.964320481],"scale":1.04272962,"type":"oak_a_distant"}
{"ctxid":0,"pos":[1027.89661,-572.480042,177.767914],"rotationMatrix":[0.902342558,0.403608352,0.15125519,-0.415033191,0.908304811,0.0522473641,-0.116298348,-0.109920949,0.987112999],"scale":1.10453033,"type":"oak_a_distant"}
{"ctxid":0,"pos":[873.539612,-1128.1427,195.92276],"rotationMatrix":[-0.835619092,0.540908575,0.0956987813,-0.505386353,-0.825308442,0.251893342,0.215232313,0.162122056,0.963011682],"scale":0.900522113,"type":"oak_a_distant"}
{"ctxid":0,"pos":[857.51416,-1104.11865,196.853775],"rotationMatrix":[0.979616523,-0.193562761,0.0537110493,0.200382367,0.960371614,-0.193734959,-0.014082687,0.200548723,0.979582489],"scale":0.845298707,"type":"oak_a_distant"}
{"ctxid":0,"pos":[861.812561,-1095.59314,194.729767],"rotationMatrix":[-0.022790432,0.957488477,-0.287569821,-0.999498308,-0.015493989,0.0276236981,0.0219937563,0.288055122,0.957361221],"scale":1.20534086,"type":"oak_a_distant"}
{"ctxid":0,"pos":[606.814392,-1023.69934,163.690765],"rotationMatrix":[-0.794685006,0.607022047,0,-0.607022047,-0.794685006,0,0,0,1],"scale":1.0180527,"type":"oak_a_distant"}
{"ctxid":0,"pos":[1594.24097,-711.984985,213.489334],"rotationMatrix":[0.92607677,-0.377335221,0,0.377335221,0.92607677,0,0,0,1],"scale":0.924992621,"type":"oak_a_distant"}
{"ctxid":0,"pos":[1567.21509,581.796448,176.796509],"rotationMatrix":[-0.832372546,-0.546206057,0.0938856378,0.550379932,-0.794766545,0.255788743,-0.065096207,0.264584363,0.962162971],"scale":1.01021194,"type":"oak_a_distant"}
{"ctxid":0,"pos":[936.703369,993.969788,126.012161],"rotationMatrix":[0.662991524,0.748626888,0,-0.748626888,0.662991524,0,0,0,1],"scale":0.547541976,"type":"oak_a_distant"}
{"ctxid":0,"pos":[941.691284,989.695801,129.547028],"rotationMatrix":[-0.89805758,0.439877957,0,-0.439877957,-0.89805758,0,0,0,1],"scale":0.645222425,"type":"oak_a_distant"}
{"ctxid":0,"pos":[1069.27063,132.990479,173.0495],"rotationMatrix":[-0.928955674,-0.129733279,-0.346713513,0.224762097,-0.941853762,-0.249786228,-0.294147879,-0.309968442,0.904099882],"scale":0.890652657,"type":"oak_a_distant"}
{"ctxid":0,"pos":[1045.09802,-740.082764,170.428421],"rotationMatrix":[0.921585441,-0.301728189,0.2442137,0.280066013,0.952464044,0.119897008,-0.268781066,-0.0420993716,0.96228081],"scale":0.861175239,"type":"oak_a_distant"}
{"ctxid":0,"pos":[1040.09668,-757.894531,169.354263],"rotationMatrix":[-0.860564828,-0.508543193,0.0284929834,0.506715477,-0.860460997,-0.0533485934,0.0516471677,-0.0314720869,0.998169363],"scale":1.01331973,"type":"oak_a_distant"}
{"ctxid":0,"pos":[1918.41089,-476.092621,224.36055],"rotationMatrix":[-0.104867876,0.994486153,0,-0.994486153,-0.104867876,0,0,0,1],"scale":0.602650166,"type":"oak_a_distant"}
{"ctxid":0,"pos":[1918.86072,-473.926544,223.508438],"rotationMatrix":[0.986002147,-0.166732758,0,0.166732758,0.986002147,0,0,0,1],"scale":0.790026188,"type":"oak_a_distant"}
{"ctxid":0,"pos":[1922.23425,-437.976379,203.67308],"rotationMatrix":[0.835241079,-0.549883962,0,0.549883962,0.835241079,0,0,0,1],"scale":0.573422194,"type":"oak_a_distant"}
{"ctxid":0,"pos":[1882.10583,-441.040924,207.705948],"rotationMatrix":[0.45752579,0.889196336,0,-0.889196336,0.45752579,0,0,0,1],"scale":0.801686943,"type":"oak_a_distant"}
{"ctxid":0,"pos":[1857.72253,-421.239288,197.572357],"rotationMatrix":[0.795839787,-0.605507314,0,0.605507314,0.795839787,0,0,0,1],"scale":0.869166911,"type":"oak_a_distant"}
{"ctxid":0,"pos":[1771.64282,-432.286041,201.473648],"rotationMatrix":[-0.341591656,0.939848483,0,-0.939848483,-0.341591656,0,0,0,1],"scale":0.909674346,"type":"oak_a_distant"}
{"ctxid":0,"pos":[1755.26562,-440.140045,207.303848],"rotationMatrix":[0.998890221,-0.0470985994,0,0.0470985994,0.998890221,0,0,0,1],"scale":0.753127873,"type":"oak_a_distant"}
{"ctxid":0,"pos":[1650.47546,-431.596893,205.145065],"rotationMatrix":[0.63586843,-0.771797478,0,0.771797478,0.63586843,0,0,0,1],"scale":0.979780316,"type":"oak_a_distant"}
{"ctxid":0,"pos":[1645.67786,-426.05658,203.912613],"rotationMatrix":[-0.40499869,0.91431725,0,-0.91431725,-0.40499869,0,0,0,1],"scale":1.07730556,"type":"oak_a_distant"}
{"ctxid":0,"pos":[1582.59229,-423.564026,207.362991],"rotationMatrix":[0.195544481,-0.953248739,0.230387658,0.978965163,0.175791621,-0.103556193,0.0582147166,0.245791405,0.967573047],"scale":0.785689712,"type":"oak_a_distant"}
{"ctxid":0,"pos":[-240.449219,-1394.66431,211.247528],"rotationMatrix":[-0.000373721123,0.979836941,-0.199797347,-0.980484962,0.0389197469,0.192702234,0.196592823,0.195970386,0.960701227],"scale":0.990201235,"type":"oak_a_distant"}
{"ctxid":0,"pos":[-264.895538,-1391.97729,218.533691],"rotationMatrix":[0.522493005,0.712032139,-0.469053388,-0.786549509,0.614870071,0.0572230965,0.329151571,0.339035094,0.881314039],"scale":1.08280432,"type":"oak_a_distant"}
{"ctxid":0,"pos":[-274.005066,-1323.66443,201.677673],"rotationMatrix":[0.350402057,-0.92984575,0.112271704,0.916410744,0.315622568,-0.246116489,0.193414986,0.1891267,0.962715805],"scale":0.972664237,"type":"oak_a_distant"}
{"ctxid":0,"pos":[-268.037079,-1307.99866,197.064941],"rotationMatrix":[0.775057554,-0.625277519,-0.0911793932,0.576486111,0.758786201,-0.30316183,0.258745998,0.18240416,0.948566914],"scale":0.627831519,"type":"oak_a_distant"}
{"ctxid":0,"pos":[-243.614349,-1252.81653,185.523743],"rotationMatrix":[-0.290461063,0.95338577,-0.081777133,-0.94027251,-0.268517375,0.209250078,0.177537501,0.137671843,0.9744367],"scale":0.915164709,"type":"oak_a_distant"}
{"ctxid":0,"pos":[-236.078812,-1239.35889,183.00975],"rotationMatrix":[-0.141468525,0.946215093,-0.290969849,-0.98962611,-0.142609477,0.0173962265,-0.0250345021,0.290412426,0.956574023],"scale":0.969441533,"type":"oak_a_distant"}
{"ctxid":0,"pos":[-187.334503,-1205.12122,173.865417],"rotationMatrix":[0.287176967,0.957481265,-0.0275544673,-0.93376267,0.286245406,0.214827776,0.213580877,-0.0359642804,0.976263165],"scale":1.07180536,"type":"oak_a_distant"}
{"ctxid":0,"pos":[-295.15686,-1234.31494,195.251587],"rotationMatrix":[-0.530438304,-0.818546593,0.220491081,0.789055765,-0.571812987,-0.224545091,0.309880346,0.0548724234,0.949190795],"scale":1.09190357,"type":"oak_a_distant"}
{"ctxid":0,"pos":[-341.330261,-1226.44702,212.904327],"rotationMatrix":[0.568173051,-0.822909117,0,0.822909117,0.568173051,0,0,0,1],"scale":1.04034388,"type":"oak_a_distant"}
{"ctxid":0,"pos":[-338.375488,-1227.47388,211.483093],"rotationMatrix":[0.963450313,-0.267886996,0,0.267886996,0.963450313,0,0,0,1],"scale":0.80063808,"type":"oak_a_distant"}
{"ctxid":0,"pos":[-342.879242,-1228.47229,213.609879],"rotationMatrix":[0.997171044,0.0751656592,0,-0.0751656592,0.997171044,0,0,0,1],"scale":0.565524101,"type":"oak_a_distant"}
{"ctxid":0,"pos":[-310.397125,-1313.3595,212.471298],"rotationMatrix":[-0.961967885,0.273162574,0,-0.273162574,-0.961967885,0,0,0,1],"scale":0.940061986,"type":"oak_a_distant"}
{"ctxid":0,"pos":[-282.712494,-1452.53455,240.525024],"rotationMatrix":[-0.914714098,0.0848868042,0.395084679,-0.032797806,-0.99005723,0.136786357,0.402767897,0.112162523,0.908403873],"scale":0.799592078,"type":"oak_a_distant"}
{"ctxid":0,"pos":[-303.826752,-1485.72974,251.60379],"rotationMatrix":[-0.742979646,-0.618683934,0.255364597,0.535779953,-0.778428435,-0.327091217,0.401149154,-0.106202915,0.909835279],"scale":0.887115717,"type":"oak_a_distant"}
{"ctxid":0,"pos":[-329.10965,-1557.3302,263.398834],"rotationMatrix":[0.336134493,0.919368923,-0.204387307,-0.867166579,0.386790633,0.313711524,0.367471755,0.0717886314,0.927259862],"scale":0.564032197,"type":"oak_a_distant"}
{"ctxid":0,"pos":[-313.006958,-1577.25562,258.559998],"rotationMatrix":[0.913227439,0.160835847,-0.374362737,-0.176011607,0.984366894,-0.0064567104,0.367471844,0.0717886388,0.927259862],"scale":0.891201973,"type":"oak_a_distant"}
{"ctxid":0,"pos":[-324.394073,-1618.67578,266.588379],"rotationMatrix":[-0.785304427,0.530683458,0.318859011,-0.507103741,-0.846817732,0.160451204,0.355164438,-0.0356915221,0.934122205],"scale":0.572984159,"type":"oak_a_distant"}
{"ctxid":0,"pos":[-325.66571,-1652.35132,270.174713],"rotationMatrix":[-0.165045261,0.986285985,0,-0.986285985,-0.165045261,0,0,0,1],"scale":1.10109699,"type":"oak_a_distant"}
{"ctxid":0,"pos":[-329.618317,-1640.27087,271.246429],"rotationMatrix":[-0.76141119,-0.555373728,0.33438313,0.537952602,-0.829131007,-0.15214403,0.361744404,0.0640380979,0.930075288],"scale":0.55360949,"type":"oak_a_distant"}
{"ctxid":0,"pos":[-302.534027,-1647.04431,261.359009],"rotationMatrix":[-0.729532838,-0.628774643,0.269116342,0.621712446,-0.773650169,-0.122222036,0.285052121,0.0781479776,0.955320954],"scale":1.06518924,"type":"oak_a_distant"}
{"ctxid":0,"pos":[-284.938232,-1545.81396,246.90332],"rotationMatrix":[0.375869215,0.909744501,-0.176315323,-0.880408645,0.409947932,0.238376021,0.289141417,0.0656313524,0.955033898],"scale":1.11125267,"type":"oak_a_distant"}
{"ctxid":0,"pos":[-309.340729,-1228.07654,199.383698],"rotationMatrix":[-0.993204653,-0.116381153,0,0.116381153,-0.993204653,0,0,0,1],"scale":0.925314367,"type":"oak_a_distant"}
{"ctxid":0,"pos":[-306.385681,-1141.08508,192.477112],"rotationMatrix":[0.986857951,0.160622895,-0.0176545531,-0.156347513,0.921519816,-0.355466902,-0.040827103,0.35355556,0.934522152],"scale":0.640690684,"type":"oak_a_distant"}
{"ctxid":0,"pos":[-276.665039,-1101.12427,177.465363],"rotationMatrix":[-0.56768465,0.766488016,-0.300382733,-0.82324475,-0.527973533,0.208594203,0.00129078329,0.365704358,0.930730164],"scale":0.505937457,"type":"oak_a_distant"}
{"ctxid":0,"pos":[-343.36084,-1111.16052,186.531357],"rotationMatrix":[0.90132463,-0.421579778,0.099419862,0.43305856,0.872525573,-0.226184264,0.00860835612,0.246920094,0.968997598],"scale":0.515502155,"type":"oak_a_distant"}
{"ctxid":0,"pos":[-356.117676,-1117.33374,189.960114],"rotationMatrix":[0.433919728,-0.889838994,0.141067535,0.872871578,0.376424491,-0.310482889,0.223178595,0.257858485,0.940053344],"scale":0.796829045,"type":"oak_a_distant"}
{"ctxid":0,"pos":[-358.753876,-1106.85559,187.711823],"rotationMatrix":[0.946850121,-0.286534011,-0.146195397,0.231659532,0.922717333,-0.308101624,0.22317861,0.257858485,0.940053344],"scale":1.01912689,"type":"oak_a_distant"}
{"ctxid":0,"pos":[-348.204559,-1134.07898,193.526901],"rotationMatrix":[-0.366569519,-0.887574077,0.278995305,0.929644823,-0.361421585,0.0716538876,0.0372368619,0.285632789,0.957615435],"scale":0.907505155,"type":"oak_a_distant"}
{"ctxid":0,"pos":[-343.320007,-1163.35437,202.421509],"rotationMatrix":[0.137387574,-0.951597035,0.274931848,0.984452665,0.100513279,-0.144048065,0.109441459,0.290447801,0.950611711],"scale":0.828106403,"type":"oak_a_distant"}
{"ctxid":0,"pos":[-450.908447,-1283.34521,228.730469],"rotationMatrix":[0.954335093,0.286231935,-0.0855323821,-0.29559499,0.863338828,-0.408986092,-0.0432214588,0.41559273,0.908523321],"scale":0.532749712,"type":"oak_a_distant"}
{"ctxid":0,"pos":[-456.404877,-1283.70215,228.245605],"rotationMatrix":[-0.843442321,-0.490534186,-0.219045997,0.42909497,-0.860471964,0.274709791,-0.323237479,0.137710333,0.936244309],"scale":0.941904306,"type":"oak_a_distant"}
{"ctxid":0,"pos":[-658.859985,-1517.73938,280.912384],"rotationMatrix":[-0.0601657517,0.998188376,0,-0.998188376,-0.0601657517,0,0,0,1],"scale":0.698327184,"type":"oak_a_distant"}
{"ctxid":0,"pos":[-662.455383,-1510.88599,280.65567],"rotationMatrix":[-0.802558541,-0.596573353,0,0.596573353,-0.802558541,0,0,0,1],"scale":1.0416615,"type":"oak_a_distant"}
{"ctxid":0,"pos":[-594.050232,-1354.22009,239.201691],"rotationMatrix":[-0.824891448,0.56505388,0.0163727328,-0.520810664,-0.770926833,0.366643965,0.219795793,0.293914437,0.930217266],"scale":0.763651848,"type":"oak_a_distant"}
{"ctxid":0,"pos":[-582.059631,-1338.43042,233.169434],"rotationMatrix":[0.305028439,0.909216106,-0.283343196,-0.91326052,0.363622308,0.183667287,0.270023167,0.202742502,0.941266656],"scale":0.498182118,"type":"oak_a_distant"}
{"ctxid":0,"pos":[-586.941406,-1326.30176,231.62944],"rotationMatrix":[0.999117255,-0.0420083255,0,0.0420083255,0.999117255,0,0,0,1],"scale":1.01569331,"type":"oak_a_distant"}
{"ctxid":0,"pos":[-545.701416,-1407.13599,241.819153],"rotationMatrix":[0.980853558,0.182034984,0.0692067593,-0.164145127,0.963995934,-0.209208563,-0.104798317,0.193843022,0.975418985],"scale":1.03174663,"type":"oak_a_distant"}
{"ctxid":0,"pos":[-426.541687,-1137.97937,190.669998],"rotationMatrix":[-0.799458027,0.587034881,0.127500847,-0.516659558,-0.780204654,0.352623165,0.306478918,0.216032937,0.92703855],"scale":0.833271384,"type":"oak_a_distant"}
{"ctxid":0,"pos":[-325.428619,-1066.89307,173.732391],"rotationMatrix":[0.800816298,-0.571504176,0.17909801,0.597320735,0.740373075,-0.308310866,0.0436016396,0.353879333,0.934274197],"scale":0.631841898,"type":"oak_a_distant"}
{"ctxid":0,"pos":[-331.009003,-1060.21692,174.712234],"rotationMatrix":[0.847130537,0.353071958,-0.397127271,-0.323911816,0.935549498,0.140813097,0.42124939,0.00934715569,0.906896651],"scale":0.605692387,"type":"oak_a_distant"}
{"ctxid":0,"pos":[-193.337341,-1097.22119,162.093872],"rotationMatrix":[0.914079249,0.405535609,0,-0.405535609,0.914079249,0,0,0,1],"scale":0.501523554,"type":"oak_a_distant"}
{"ctxid":0,"pos":[-107.266037,-1034.97217,145.830521],"rotationMatrix":[0.000456821901,0.999999881,0,-0.999999881,0.000456821901,0,0,0,1],"scale":0.606292844,"type":"oak_a_distant"}
{"ctxid":0,"pos":[-42.6496506,-1060.33435,150.059555],"rotationMatrix":[0.896190584,-0.296156824,0.330353618,0.35122478,0.928516328,-0.120410077,-0.271078467,0.223938763,0.936145186],"scale":0.860466361,"type":"oak_a_distant"}
{"ctxid":0,"pos":[-106.25779,-1056.93469,148.094376],"rotationMatrix":[-0.217371508,-0.976088941,0,0.976088941,-0.217371508,0,0,0,1],"scale":1.04780376,"type":"oak_a_distant"}
{"ctxid":0,"pos":[-88.89254,-1066.0437,148.854065],"rotationMatrix":[0.813730597,-0.236574575,0.530918956,0.397870243,0.892593861,-0.212074101,-0.423723638,0.383808076,0.820456922],"scale":1.01604438,"type":"oak_a_distant"}
{"ctxid":0,"pos":[-89.7915268,-1071.58875,150.188324],"rotationMatrix":[-0.937457442,-0.240307108,-0.251844108,0.144356981,-0.926719785,0.346916348,-0.316755474,0.288863927,0.903450906],"scale":0.609213889,"type":"oak_a_distant"}
{"ctxid":0,"pos":[-28.914978,-1046.79993,145.618774],"rotationMatrix":[-0.95525372,-0.249019891,0.159622163,0.273805052,-0.948600769,0.158704996,0.111897022,0.195308894,0.974337459],"scale":0.60608542,"type":"oak_a_distant"}
{"ctxid":0,"pos":[-268.406372,-1061.54492,159.843307],"rotationMatrix":[0.957645655,-0.276220262,0.0813463256,0.287331641,0.898171604,-0.332758546,0.0188516956,0.342038155,0.939496934],"scale":0.925116897,"type":"oak_a_distant"}
{"ctxid":0,"pos":[-283.085327,-1061.37073,162.538513],"rotationMatrix":[0.111799002,0.970510066,-0.213567212,-0.856526673,0.203078687,0.474469125,0.503848076,0.129880905,0.853971958],"scale":0.532552838,"type":"oak_a_distant"}
{"ctxid":0,"pos":[-247.08461,-1028.5033,150.341476],"rotationMatrix":[0.824814141,0.544979393,-0.150595874,-0.530633271,0.838090658,0.126619041,0.195217758,-0.0245259777,0.980453193],"scale":0.579234242,"type":"oak_a_distant"}
{"ctxid":0,"pos":[-262.128967,-1020.30505,147.93219],"rotationMatrix":[-0.202911139,-0.978555322,-0.0354393274,0.978916049,-0.201853275,-0.0312745608,0.0234503448,-0.0410380997,0.998882353],"scale":0.87935257,"type":"oak_a_distant"}
{"ctxid":0,"pos":[-311.3573,-1002.58624,156.805817],"rotationMatrix":[-0.922683358,-0.0872537643,0.375555277,0.170902595,-0.965693474,0.195520088,0.345611453,0.244586542,0.905941546],"scale":0.578103423,"type":"oak_a_distant"}
{"ctxid":0,"pos":[-312.212524,-1011.61615,159.194214],"rotationMatrix":[0.669311941,0.555117249,-0.493828207,-0.549515247,0.81719923,0.173834234,0.500054419,0.155016869,0.852006674],"scale":0.500238001,"type":"oak_a_distant"}
{"ctxid":0,"pos":[-314.121552,-998.717041,156.536392],"rotationMatrix":[-0.828837872,0.538862526,0.15051873,-0.433276027,-0.788407922,0.436675787,0.353978276,0.296717107,0.886937678],"scale":1.04764283,"type":"oak_a_distant"}
{"ctxid":0,"pos":[-311.201202,-998.066833,155.419388],"rotationMatrix":[0.508624911,0.770923257,-0.383377016,-0.83463037,0.550810337,0.000309765339,0.211406827,0.319820553,0.923591852],"scale":0.510892034,"type":"oak_a_distant"}
{"ctxid":0,"pos":[-296.523895,-1002.36823,152.239624],"rotationMatrix":[-0.786479235,0.61696434,0.0283776075,-0.547443748,-0.71765554,0.430436611,0.285929382,0.322994351,0.902174592],"scale":0.856983721,"type":"oak_a_distant"}
{"ctxid":0,"pos":[-253.417465,-1041.48547,153.03418],"rotationMatrix":[-0.101441979,-0.986235261,0.130573541,0.96325767,-0.130181074,-0.234920204,0.248684794,0.101945192,0.963204563],"scale":0.486156285,"type":"oak_a_distant"}
{"ctxid":0,"pos":[-241.792831,-1075.62073,162.073639],"rotationMatrix":[-0.749589086,-0.569833398,0.33675766,0.639245033,-0.755210638,0.144990996,0.171702281,0.323954344,0.930361152],"scale":0.686090291,"type":"oak_a_distant"}
{"ctxid":0,"pos":[-243.780518,-1065.06799,158.531967],"rotationMatrix":[-0.270280004,-0.891529024,0.363489091,0.953182518,-0.300961494,-0.0294087231,0.135615021,0.338522911,0.931134164],"scale":0.899930656,"type":"oak_a_distant"}
{"ctxid":0,"pos":[-389.325226,-1041.38843,166.368195],"rotationMatrix":[-0.878827333,-0.00155776739,-0.477136821,-0.13818723,-0.956306577,0.257646114,-0.45669058,0.292360753,0.840213597],"scale":1.04164553,"type":"oak_a_distant"}
{"ctxid":0,"pos":[-393.105896,-1037.49658,162.910828],"rotationMatrix":[0.817473531,0.0318669528,0.575083971,0.0304715615,0.994677067,-0.0984326154,-0.57515955,0.0979897678,0.812151134],"scale":0.955236375,"type":"oak_a_distant"}
{"ctxid":0,"pos":[-390.244659,-1032.26257,163.20105],"rotationMatrix":[0.0450780392,0.912744641,-0.406036317,-0.890729904,-0.147297621,-0.430004656,-0.452292502,0.381052434,0.806368768],"scale":0.681229472,"type":"oak_a_distant"}
{"ctxid":0,"pos":[-364.72998,-1079.50293,184.201996],"rotationMatrix":[-0.896358609,0.227916285,-0.380256772,-0.287356764,-0.951843977,0.106859252,-0.337590218,0.205053583,0.918687046],"scale":0.786722422,"type":"oak_a_distant"}
{"ctxid":0,"pos":[-362.922058,-1066.1936,184.411331],"rotationMatrix":[-0.602957129,0.786728919,-0.132287145,-0.748793781,-0.615310669,-0.2463741,-0.275227398,-0.0494972467,0.960104108],"scale":0.738145411,"type":"oak_a_distant"}
{"ctxid":0,"pos":[-409.881989,-1106.88391,183.307297],"rotationMatrix":[0.084251225,-0.894480228,0.439097464,0.97615087,0.162571132,0.143874064,-0.200077057,0.416503906,0.886844754],"scale":0.845304847,"type":"oak_a_distant"}
{"ctxid":0,"pos":[-661.950623,-1025.16931,187.440887],"rotationMatrix":[0.224628285,0.974444509,0,-0.974444509,0.224628285,0,0,0,1],"scale":1.02227557,"type":"oak_a_distant"}
{"ctxid":0,"pos":[-660.464905,-1032.86011,190.007629],"rotationMatrix":[0.97686398,-0.213861495,0,0.213861495,0.97686398,0,0,0,1],"scale":0.940189481,"type":"oak_a_distant"}
{"ctxid":0,"pos":[-660.282654,-1049.36597,192.659195],"rotationMatrix":[0.633299768,0.773906589,0,-0.773906589,0.633299768,0,0,0,1],"scale":1.02759016,"type":"oak_a_distant"}
{"ctxid":0,"pos":[-657.325073,-1071.22107,192.113922],"rotationMatrix":[0.969920456,-0.243422106,0,0.243422106,0.969920456,0,0,0,1],"scale":1.0493046,"type":"oak_a_distant"}
{"ctxid":0,"pos":[-663.692688,-1072.70532,192.156448],"rotationMatrix":[-0.938660264,0.344843298,0,-0.344843298,-0.938660264,0,0,0,1],"scale":0.723027766,"type":"oak_a_distant"}
{"ctxid":0,"pos":[-666.949463,-1057.04346,192.082382],"rotationMatrix":[0.187395394,-0.982284546,0,0.982284546,0.187395394,0,0,0,1],"scale":1.00289416,"type":"oak_a_distant"}
{"ctxid":0,"pos":[-681.391724,-1062.07739,191.164261],"rotationMatrix":[-0.644897819,0.764268816,0,-0.764268816,-0.644897819,0,0,0,1],"scale":0.795552731,"type":"oak_a_distant"}
{"ctxid":0,"pos":[-672.171082,-1125.28271,198.776123],"rotationMatrix":[-0.243232459,0.969968021,0,-0.969968021,-0.243232459,0,0,0,1],"scale":0.998173237,"type":"oak_a_distant"}
{"ctxid":0,"pos":[-670.141602,-1109.0686,196.880173],"rotationMatrix":[0.892427087,-0.451191604,0,0.451191604,0.892427087,0,0,0,1],"scale":1.10952342,"type":"oak_a_distant"}
{"ctxid":0,"pos":[-628.74353,-1127.88428,195.630005],"rotationMatrix":[0.912180722,-0.409788162,0,0.409788162,0.912180722,0,0,0,1],"scale":0.978086352,"type":"oak_a_distant"}
{"ctxid":0,"pos":[-578.802551,-1121.04895,193.688568],"rotationMatrix":[-0.809679806,-0.586871922,0,0.586871922,-0.809679806,0,0,0,1],"scale":0.668664277,"type":"oak_a_distant"}
{"ctxid":0,"pos":[-1431.98792,-628.44635,123.234299],"rotationMatrix":[0.979227543,0.202764332,0,-0.202764332,0.979227543,0,0,0,1],"scale":1.07931709,"type":"oak_a_distant"}
{"ctxid":0,"pos":[-1419.09521,-623.993591,122.230629],"rotationMatrix":[-0.999529541,0.0306706876,0,-0.0306706876,-0.999529541,0,0,0,1],"scale":0.677455664,"type":"oak_a_distant"}
{"ctxid":0,"pos":[-1381.26599,-609.837891,118.472618],"rotationMatrix":[0.838784933,-0.54446286,0,0.54446286,0.838784933,0,0,0,1],"scale":0.965786457,"type":"oak_a_distant"}
{"ctxid":0,"pos":[-1318.84155,-582.620605,114.058426],"rotationMatrix":[0.715064883,0.687261879,-0.127879679,-0.66918534,0.725862265,0.159106672,0.202170998,-0.0281963721,0.978944242],"scale":0.893942118,"type":"oak_a_distant"}
{"ctxid":0,"pos":[-1296.31604,-571.002441,110.497841],"rotationMatrix":[-0.675820231,-0.736551344,0.027544789,0.718393266,-0.666597366,-0.19889386,0.164856851,-0.114628538,0.979633868],"scale":0.811016321,"type":"oak_a_distant"}
{"ctxid":0,"pos":[307.506409,-1450.28271,208.974243],"rotationMatrix":[-0.311421752,0.94877547,-0.0532988086,-0.935921729,-0.315946579,-0.155651525,-0.164517999,0.00141020119,0.986373067],"scale":1.0567286,"type":"oak_a_distant"}
{"ctxid":0,"pos":[290.876953,-1448.76282,206.959183],"rotationMatrix":[-0.60193181,0.79512018,0.0739058852,-0.785230696,-0.572521806,-0.235863522,-0.145227104,-0.200006917,0.968971789],"scale":1.06119406,"type":"oak_a_distant"}
{"ctxid":0,"pos":[322.403717,-1368.35828,233.769455],"rotationMatrix":[0.534036994,0.774638355,0.33873266,-0.827674925,0.560755968,0.022513032,-0.172506914,-0.292383343,0.94061327],"scale":0.577550828,"type":"oak_a_distant"}
{"ctxid":0,"pos":[375.815277,-1357.73132,249.17952],"rotationMatrix":[-0.999708951,-0.0241248161,0,0.0241248161,-0.999708951,0,0,0,1],"scale":0.833308876,"type":"oak_a_distant"}
{"ctxid":0,"pos":[-1914.42053,-1414.45264,123.143364],"rotationMatrix":[0.992993414,0.118169889,0,-0.118169889,0.992993414,0,0,0,1],"scale":0.485570699,"type":"oak_a_distant"}
{"ctxid":0,"pos":[-1963.99036,-1249.04346,194.419098],"rotationMatrix":[-0.663618803,-0.748070896,0,0.748070896,-0.663618803,0,0,0,1],"scale":0.828895032,"type":"oak_a_distant"}
{"ctxid":0,"pos":[-1815.42798,-1365.03198,113.290855],"rotationMatrix":[-0.824744165,-0.565506041,0,0.565506041,-0.824744165,0,0,0,1],"scale":0.899093032,"type":"oak_a_distant"}
{"ctxid":0,"pos":[-1799.65942,-1385.47437,108.610794],"rotationMatrix":[0.995155454,-0.0983141065,0,0.0983141065,0.995155454,0,0,0,1],"scale":1.05507445,"type":"oak_a_distant"}
{"ctxid":0,"pos":[-1840.80212,-1368.23181,117.883286],"rotationMatrix":[-0.996408284,-0.084679313,0,0.084679313,-0.996408284,0,0,0,1],"scale":0.733477592,"type":"oak_a_distant"}
{"ctxid":0,"pos":[-1439.38843,-633.502258,123.875977],"rotationMatrix":[-0.256955594,-0.966423213,0,0.966423213,-0.256955594,0,0,0,1],"scale":1.10544574,"type":"oak_a_distant"}
{"ctxid":0,"pos":[-1395.4469,-629.978088,120.071831],"rotationMatrix":[0.111370735,-0.993778944,0,0.993778944,0.111370735,0,0,0,1],"scale":0.691493034,"type":"oak_a_distant"}
{"ctxid":0,"pos":[-1390.19385,-619.508484,119.340164],"rotationMatrix":[0.783198893,0.621771216,0,-0.621771216,0.783198893,0,0,0,1],"scale":1.11178994,"type":"oak_a_distant"}
{"ctxid":0,"pos":[-1603.453,-1029.11877,114.888756],"rotationMatrix":[-0.883771718,-0.467918336,0,0.467918336,-0.883771718,0,0,0,1],"scale":0.544887841,"type":"oak_a_distant"}
{"ctxid":0,"pos":[-1656.43079,-1018.27032,130.406631],"rotationMatrix":[0.947854042,0.318704665,0,-0.318704665,0.947854042,0,0,0,1],"scale":1.0120703,"type":"oak_a_distant"}
{"ctxid":0,"pos":[-1715.33997,-902.40448,145.932373],"rotationMatrix":[-0.358049452,0.933702648,0,-0.933702648,-0.358049452,0,0,0,1],"scale":0.824670196,"type":"oak_a_distant"}
{"ctxid":0,"pos":[-1677.50488,-875.879089,137.767471],"rotationMatrix":[0.982803583,0.184653997,0,-0.184653997,0.982803583,0,0,0,1],"scale":1.0176158,"type":"oak_a_distant"}
{"ctxid":0,"pos":[-1671.71704,-869.736389,136.69516],"rotationMatrix":[-0.997091174,0.0762176588,0,-0.0762176588,-0.997091174,0,0,0,1],"scale":0.70728457,"type":"oak_a_distant"}
{"ctxid":0,"pos":[-1614.80933,-858.069031,129.931549],"rotationMatrix":[0.713731885,-0.700419009,0,0.700419009,0.713731885,0,0,0,1],"scale":0.968167663,"type":"oak_a_distant"}
{"ctxid":0,"pos":[-1602.09753,-865.070068,128.305115],"rotationMatrix":[0.393519998,-0.919316053,0,0.919316053,0.393519998,0,0,0,1],"scale":0.623707533,"type":"oak_a_distant"}
{"ctxid":0,"pos":[-1609.53674,-862.052551,129.516113],"rotationMatrix":[0.942957222,0.332913846,0,-0.332913846,0.942957222,0,0,0,1],"scale":0.714106679,"type":"oak_a_distant"}
{"ctxid":0,"pos":[-1605.54944,-837.630249,128.841919],"rotationMatrix":[0.0767391473,0.997051179,0,-0.997051179,0.0767391473,0,0,0,1],"scale":0.625875592,"type":"oak_a_distant"}
{"ctxid":0,"pos":[-1623.72656,-799.163574,133.373138],"rotationMatrix":[-0.561085343,0.827757955,0,-0.827757955,-0.561085343,0,0,0,1],"scale":0.733439088,"type":"oak_a_distant"}
{"ctxid":0,"pos":[-871.786011,-1142.66541,210.101318],"rotationMatrix":[0.631925642,0.775029004,0,-0.775029004,0.631925642,0,0,0,1],"scale":1.0067606,"type":"oak_a_distant"}
{"ctxid":0,"pos":[-821.787109,-1123.26318,213.205048],"rotationMatrix":[-0.941340864,-0.33745721,0,0.33745721,-0.941340864,0,0,0,1],"scale":0.714197516,"type":"oak_a_distant"}
{"ctxid":0,"pos":[-828.876953,-1112.99902,207.746948],"rotationMatrix":[0.988517344,-0.151107579,0,0.151107579,0.988517344,0,0,0,1],"scale":0.926422656,"type":"oak_a_distant"}
{"ctxid":0,"pos":[-995.499939,-1302.92651,204.404205],"rotationMatrix":[-0.893326998,0.449407279,0,-0.449407279,-0.893326998,0,0,0,1],"scale":1.10264611,"type":"oak_a_distant"}
{"ctxid":0,"pos":[-1000.50256,-1324.72083,209.152161],"rotationMatrix":[0.820512474,0.571628571,0,-0.571628571,0.820512474,0,0,0,1],"scale":0.743510067,"type":"oak_a_distant"}
{"ctxid":0,"pos":[-2004.06909,-773.087402,241.801834],"rotationMatrix":[-0.0229750164,-0.999736011,0,0.999736011,-0.0229750164,0,0,0,1],"scale":0.551429152,"type":"oak_a_distant"}
{"ctxid":0,"pos":[-2009.60364,-781.308655,243.754837],"rotationMatrix":[0.997689128,-0.0679444,0,0.0679444,0.997689128,0,0,0,1],"scale":0.56567502,"type":"oak_a_distant"}
{"ctxid":0,"pos":[-2001.03857,-792.763611,249.243195],"rotationMatrix":[-0.293485105,-0.955963671,0,0.955963671,-0.293485105,0,0,0,1],"scale":0.56327647,"type":"oak_a_distant"}
{"ctxid":0,"pos":[-2018.57349,-814.174255,253.153519],"rotationMatrix":[-0.999999344,0.00114306586,0,-0.00114306586,-0.999999344,0,0,0,1],"scale":0.797201395,"type":"oak_a_distant"}
{"ctxid":0,"pos":[-2026.65955,-827.381836,255.364334],"rotationMatrix":[0.947582483,0.319511324,0,-0.319511324,0.947582483,0,0,0,1],"scale":0.844382048,"type":"oak_a_distant"}
{"ctxid":0,"pos":[-1980.01331,-761.626343,242.03685],"rotationMatrix":[0.928929031,-0.370257825,0,0.370257825,0.928929031,0,0,0,1],"scale":0.688701272,"type":"oak_a_distant"}
{"ctxid":0,"pos":[-1973.56165,-742.138916,235.944687],"rotationMatrix":[0.854851604,-0.518872559,0,0.518872559,0.854851604,0,0,0,1],"scale":0.814325452,"type":"oak_a_distant"}
{"ctxid":0,"pos":[-1977.7749,-736.80603,233.861877],"rotationMatrix":[-0.062784344,0.998027146,0,-0.998027146,-0.062784344,0,0,0,1],"scale":0.627332211,"type":"oak_a_distant"}
{"ctxid":0,"pos":[-1986.46301,-717.912842,225.963989],"rotationMatrix":[0.916401923,0.400259256,0,-0.400259256,0.916401923,0,0,0,1],"scale":1.00501716,"type":"oak_a_distant"}
{"ctxid":0,"pos":[-2014.15869,-763.613037,236.969635],"rotationMatrix":[0.632449567,0.774601579,0,-0.774601579,0.632449567,0,0,0,1],"scale":1.11296237,"type":"oak_a_distant"}
{"ctxid":0,"pos":[-2014.39355,-719.462036,222.415314],"rotationMatrix":[0.147071853,-0.989125788,0,0.989125788,0.147071853,0,0,0,1],"scale":0.697547913,"type":"oak_a_distant"}
{"ctxid":0,"pos":[-1999.50635,-652.654785,203.181061],"rotationMatrix":[0.152107701,0.988363922,0,-0.988363922,0.152107701,0,0,0,1],"scale":0.748857141,"type":"oak_a_distant"}
{"ctxid":0,"pos":[-1711.82483,-294.832153,227.933624],"rotationMatrix":[-0.267863572,0.963456869,0,-0.963456869,-0.267863572,0,0,0,1],"scale":1.09477198,"type":"oak_a_distant"}
{"ctxid":0,"pos":[-1743.27991,-337.650696,223.419449],"rotationMatrix":[0.451595783,0.892222643,0,-0.892222643,0.451595783,0,0,0,1],"scale":1.11866033,"type":"oak_a_distant"}
{"ctxid":0,"pos":[-1772.7605,-393.889374,221.800262],"rotationMatrix":[-0.3132056,-0.949685335,0,0.949685335,-0.3132056,0,0,0,1],"scale":0.604286075,"type":"oak_a_distant"}
{"ctxid":0,"pos":[-1772.74573,-401.405823,222.151505],"rotationMatrix":[0.573245466,0.819383681,0,-0.819383681,0.573245466,0,0,0,1],"scale":1.02131093,"type":"oak_a_distant"}
{"ctxid":0,"pos":[-1773.28479,-418.076263,222.399734],"rotationMatrix":[0.146107972,-0.989268661,0,0.989268661,0.146107972,0,0,0,1],"scale":0.895000577,"type":"oak_a_distant"}
{"ctxid":0,"pos":[-1696.07935,-220.22261,227.123215],"rotationMatrix":[0.753957331,0.656923413,0,-0.656923413,0.753957331,0,0,0,1],"scale":0.930504382,"type":"oak_a_distant"}
{"ctxid":0,"pos":[-1699.24255,-223.578568,226.767685],"rotationMatrix":[0.417754501,-0.908559978,0,0.908559978,0.417754501,0,0,0,1],"scale":0.856289446,"type":"oak_a_distant"}
{"ctxid":0,"pos":[-1700.22314,-240.375122,227.47464],"rotationMatrix":[0.888672888,0.458541662,0,-0.458541662,0.888672888,0,0,0,1],"scale":0.922398686,"type":"oak_a_distant"}
{"ctxid":0,"pos":[-1695.92322,-254.018005,224.758194],"rotationMatrix":[-0.923885643,-0.382668734,0,0.382668734,-0.923885643,0,0,0,1],"scale":0.881887555,"type":"oak_a_distant"}
{"ctxid":0,"pos":[-1701.39648,-263.777893,227.382568],"rotationMatrix":[0.999859154,0.0167841818,0,-0.0167841818,0.999859154,0,0,0,1],"scale":0.58069694,"type":"oak_a_distant"}
{"ctxid":0,"pos":[-1693.36536,-249.262543,227.203354],"rotationMatrix":[-0.999916732,-0.012903722,0,0.012903722,-0.999916732,0,0,0,1],"scale":1.02084935,"type":"oak_a_distant"}
{"ctxid":0,"pos":[-1781.68408,-425.707672,220.303391],"rotationMatrix":[-0.0932510123,-0.995642602,0,0.995642602,-0.0932510123,0,0,0,1],"scale":1.03671467,"type":"oak_a_distant"}
{"ctxid":0,"pos":[-1780.76501,-428.652649,221.215332],"rotationMatrix":[-0.00229935045,-0.999997377,0,0.999997377,-0.00229935045,0,0,0,1],"scale":0.697881222,"type":"oak_a_distant"}
{"ctxid":0,"pos":[-1805.29089,-471.271515,220.383179],"rotationMatrix":[-0.825376391,-0.564582884,0,0.564582884,-0.825376391,0,0,0,1],"scale":1.07940865,"type":"oak_a_distant"}
{"ctxid":0,"pos":[-1849.71082,-551.40271,212.988525],"rotationMatrix":[0.793778419,0.608207047,0,-0.608207047,0.793778419,0,0,0,1],"scale":1.05621648,"type":"oak_a_distant"}
{"ctxid":0,"pos":[-1851.9187,-566.511169,211.361755],"rotationMatrix":[0.342451543,0.939535499,0,-0.939535499,0.342451543,0,0,0,1],"scale":1.11295211,"type":"oak_a_distant"}
{"ctxid":0,"pos":[-1863.34631,-588.108459,207.707611],"rotationMatrix":[-0.974259257,-0.225430563,0,0.225430563,-0.974259257,0,0,0,1],"scale":0.881730556,"type":"oak_a_distant"}
{"ctxid":0,"pos":[-1866.55151,-604.830444,208.100159],"rotationMatrix":[0.30975312,-0.950816989,0,0.950816989,0.30975312,0,0,0,1],"scale":0.760812521,"type":"oak_a_distant"}
{"ctxid":0,"pos":[-1871.67969,-604.747681,206.283447],"rotationMatrix":[-0.765221477,-0.643767118,0,0.643767118,-0.765221477,0,0,0,1],"scale":0.534262121,"type":"oak_a_distant"}
{"ctxid":0,"pos":[-1869.00781,-611.93103,207.585205],"rotationMatrix":[-0.999889195,-0.0148874111,0,0.0148874111,-0.999889195,0,0,0,1],"scale":1.11517978,"type":"oak_a_distant"}
{"ctxid":0,"pos":[-1881.91321,-630.966187,204.107544],"rotationMatrix":[-0.277017057,0.960865021,0,-0.960865021,-0.277017057,0,0,0,1],"scale":0.599356174,"type":"oak_a_distant"}
{"ctxid":0,"pos":[-1882.70618,-629.516296,203.661377],"rotationMatrix":[-0.21384117,-0.976868451,0,0.976868451,-0.21384117,0,0,0,1],"scale":0.638510346,"type":"oak_a_distant"}
{"ctxid":0,"pos":[-1882.69226,-634.937317,204.192551],"rotationMatrix":[0.99188894,0.127107427,0,-0.127107427,0.99188894,0,0,0,1],"scale":1.00296366,"type":"oak_a_distant"}
{"ctxid":0,"pos":[477.340118,-1368.87683,267.400757],"rotationMatrix":[0.759718299,0.650252342,0,-0.650252342,0.759718299,0,0,0,1],"scale":0.491206974,"type":"oak_a_distant"}
{"ctxid":0,"pos":[471.895691,-1369.29431,265.082733],"rotationMatrix":[-0.725584328,0.68813324,0,-0.68813324,-0.725584328,0,0,0,1],"scale":1.06615067,"type":"oak_a_distant"}
{"ctxid":0,"pos":[468.101532,-1379.7948,260.621246],"rotationMatrix":[-0.185070291,0.982725263,0,-0.982725263,-0.185070291,0,0,0,1],"scale":0.9534989,"type":"oak_a_distant"}
{"ctxid":0,"pos":[469.492065,-1387.25049,258.618164],"rotationMatrix":[0.0924827978,0.995714307,0,-0.995714307,0.0924827978,0,0,0,1],"scale":0.750570059,"type":"oak_a_distant"}
{"ctxid":0,"pos":[453.236542,-1393.87891,253.264709],"rotationMatrix":[-0.823656738,0.567088664,0,-0.567088664,-0.823656738,0,0,0,1],"scale":0.878391623,"type":"oak_a_distant"}
{"ctxid":0,"pos":[450.473145,-1397.96094,251.497437],"rotationMatrix":[-0.937461913,0.348087817,0,-0.348087817,-0.937461913,0,0,0,1],"scale":0.788703918,"type":"oak_a_distant"}
{"ctxid":0,"pos":[511.704193,-1376.89429,264.740417],"rotationMatrix":[0.508927763,-0.860809207,0,0.860809207,0.508927763,0,0,0,1],"scale":1.05652702,"type":"oak_a_distant"}
{"ctxid":0,"pos":[516.486267,-1369.27222,264.457672],"rotationMatrix":[-0.688192129,-0.725528538,0,0.725528538,-0.688192129,0,0,0,1],"scale":0.769154549,"type":"oak_a_distant"}
{"ctxid":0,"pos":[580.865173,-1378.39209,237.694382],"rotationMatrix":[-0.279630423,-0.960107744,0,0.960107744,-0.279630423,0,0,0,1],"scale":0.823594928,"type":"oak_a_distant"}
{"ctxid":0,"pos":[567.828979,-1474.76025,221.926422],"rotationMatrix":[-0.121594138,0.992579877,0,-0.992579877,-0.121594138,0,0,0,1],"scale":0.922042787,"type":"oak_a_distant"}
{"ctxid":0,"pos":[594.774719,-1457.95007,217.863663],"rotationMatrix":[-0.946215212,-0.323537827,0,0.323537827,-0.946215212,0,0,0,1],"scale":0.738096535,"type":"oak_a_distant"}
{"ctxid":0,"pos":[600.450928,-1449.50354,216.71553],"rotationMatrix":[0.053207133,-0.998583496,0,0.998583496,0.053207133,0,0,0,1],"scale":1.11467898,"type":"oak_a_distant"}
{"ctxid":0,"pos":[1484.90918,891.569824,127.361526],"rotationMatrix":[0.891061902,0.453881741,0,-0.453881741,0.891061902,0,0,0,1],"scale":1.0194242,"type":"oak_a_distant"}
{"ctxid":0,"pos":[606.971252,-1684.03125,252.516052],"rotationMatrix":[-0.715467215,-0.698646307,0,0.698646307,-0.715467215,0,0,0,1],"scale":0.808552265,"type":"oak_a_distant"}
{"ctxid":0,"pos":[618.657471,-1693.08496,255.089508],"rotationMatrix":[-0.95761323,-0.288057148,0,0.288057148,-0.95761323,0,0,0,1],"scale":0.578880012,"type":"oak_a_distant"}
{"ctxid":0,"pos":[594.355957,-1703.17322,250.787247],"rotationMatrix":[0.293762416,0.955878437,0,-0.955878437,0.293762416,0,0,0,1],"scale":0.744950593,"type":"oak_a_distant"}
{"ctxid":0,"pos":[106.04377,-1608.80945,222.965546],"rotationMatrix":[-0.848694563,-0.520453036,0.0940502435,0.523896277,-0.851655006,0.0146890413,0.0724534392,0.0617390946,0.99545908],"scale":0.690377057,"type":"oak_a_distant"}
{"ctxid":0,"pos":[90.2669296,-1584.33508,223.554398],"rotationMatrix":[0.991001189,0.0901612267,-0.0989320502,-0.0931907073,0.995297372,-0.0264309384,0.0960837677,0.0354126431,0.994743109],"scale":0.749585271,"type":"oak_a_distant"}
{"ctxid":0,"pos":[72.8903503,-1586.47827,226.741089],"rotationMatrix":[0.47264269,0.881254137,0,-0.881254137,0.47264269,0,0,0,1],"scale":0.733505011,"type":"oak_a_distant"}
{"ctxid":0,"pos":[70.6905441,-1578.00085,226.707993],"rotationMatrix":[-0.515008628,-0.857185006,0,0.857185006,-0.515008628,0,0,0,1],"scale":0.550608695,"type":"oak_a_distant"}
{"ctxid":0,"pos":[379.028229,-1778.6123,228.656982],"rotationMatrix":[0.861240387,0.49643898,-0.108688734,-0.507483959,0.851462483,-0.132180393,0.026924856,0.1689969,0.985248744],"scale":0.572299838,"type":"oak_a_distant"}
{"ctxid":0,"pos":[358.320251,-1883.99121,247.877396],"rotationMatrix":[-0.474853873,-0.817591965,0.325663507,0.858427227,-0.511850357,-0.0333386287,0.193948448,0.263727486,0.944897771],"scale":0.671293497,"type":"oak_a_distant"}
{"ctxid":0,"pos":[349.883789,-1801.17639,236.447235],"rotationMatrix":[-0.747711301,0.659819424,0.0746059865,-0.619649708,-0.733709574,0.278754741,0.238666937,0.162198514,0.957460046],"scale":1.11455667,"type":"oak_a_distant"}
{"ctxid":0,"pos":[339.162933,-1735.4541,228.233307],"rotationMatrix":[-0.701870501,-0.712304592,0,0.712304592,-0.701870501,0,0,0,1],"scale":0.953696609,"type":"oak_a_distant"}
{"ctxid":0,"pos":[428.581207,-1662.0625,223.5345],"rotationMatrix":[0.519093275,0.854717612,0,-0.854717612,0.519093275,0,0,0,1],"scale":1.01446319,"type":"oak_a_distant"}
{"ctxid":0,"pos":[373.526245,-1627.90015,216.774902],"rotationMatrix":[-0.910658836,-0.413159132,0,0.413159132,-0.910658836,0,0,0,1],"scale":1.07094407,"type":"oak_a_distant"}
{"ctxid":0,"pos":[364.384369,-1601.6604,215.631485],"rotationMatrix":[0.486807436,-0.873509288,0,0.873509288,0.486807436,0,0,0,1],"scale":0.907624304,"type":"oak_a_distant"}
{"ctxid":0,"pos":[346.646667,-1539.8291,210.224854],"rotationMatrix":[-0.544822574,0.836420894,0.0597300082,-0.838543534,-0.543733001,-0.0346170887,0.0035227444,-0.0689464062,0.997614145],"scale":0.895470023,"type":"oak_a_distant"}
{"ctxid":0,"pos":[343.66214,-1514.63855,211.188171],"rotationMatrix":[0.263864994,-0.963190317,-0.0513750724,0.963986397,0.261498153,0.048462756,-0.0332443826,-0.0623124987,0.997502863],"scale":0.756412029,"type":"oak_a_distant"}
{"ctxid":0,"pos":[349.521362,-1509.02368,211.723267],"rotationMatrix":[-0.615638733,0.787456572,0.0300072432,-0.787664592,-0.613752007,-0.0537790023,-0.0239316225,-0.0567441024,0.99810189],"scale":0.587214828,"type":"oak_a_distant"}
{"ctxid":0,"pos":[354.918243,-1501.70508,212.268768],"rotationMatrix":[0.970778823,0.237144113,0.0367586203,-0.238779813,0.96981585,0.0494107343,-0.0239316262,-0.0567441098,0.99810189],"scale":1.01027811,"type":"oak_a_distant"}
{"ctxid":0,"pos":[-209.812561,-1388.4823,205.731461],"rotationMatrix":[0.476100624,-0.879390836,0,0.879390836,0.476100624,0,0,0,1],"scale":1.08711267,"type":"oak_a_distant"}
{"ctxid":0,"pos":[-207.864807,-1378.85852,203.182861],"rotationMatrix":[0.959508002,-0.281681389,0,0.281681389,0.959508002,0,0,0,1],"scale":0.516406298,"type":"oak_a_distant"}
