{"ctxid":0,"pos":[1054.03113,-748.695557,170.50383],"rotationMatrix":[-0.812216163,0.581192255,0.0501990691,-0.574531198,-0.78205049,-0.241475344,-0.101085402,-0.224971175,0.969107687],"scale":0.802634895,"type":"shrub_distant_01"}
{"ctxid":0,"pos":[1063.14539,-796.937073,175.479156],"rotationMatrix":[0.97372508,0.065944992,0.217969522,-0.0338139161,0.988411963,-0.147981063,-0.225202307,0.13672246,0.964671373],"scale":0.819540858,"type":"shrub_distant_01"}
{"ctxid":0,"pos":[1035.0575,-616.122498,182.772583],"rotationMatrix":[-0.905162096,0.26643309,-0.331201792,-0.259385556,-0.963502645,-0.0661923885,-0.336749732,0.0259941109,0.941235304],"scale":0.768780947,"type":"shrub_distant_01"}
{"ctxid":0,"pos":[1047.75842,-662.735046,183.556396],"rotationMatrix":[-0.971137762,-0.0049829036,-0.23846671,0.0505327396,-0.981384635,-0.185284182,-0.233104348,-0.191986874,0.953311801],"scale":1.06758487,"type":"shrub_distant_01"}
{"ctxid":0,"pos":[1651.56812,-865.941956,205.009583],"rotationMatrix":[0.831014812,-0.518476307,0.2014862,0.493507683,0.85433346,0.16298613,-0.256640851,-0.036008887,0.96583581],"scale":0.861132145,"type":"shrub_distant_01"}
{"ctxid":0,"pos":[1598.37671,-837.200439,197.947372],"rotationMatrix":[-0.23026073,0.972083449,-0.0450912565,-0.973121643,-0.230188251,0.00686215237,-0.00370890461,0.0454593748,0.998959303],"scale":0.989215374,"type":"shrub_distant_01"}
{"ctxid":0,"pos":[1584.50891,-709.154846,212.001297],"rotationMatrix":[-0.958563328,-0.284879506,0,0.284879506,-0.958563328,0,0,0,1],"scale":1.04871106,"type":"shrub_distant_01"}
{"ctxid":0,"pos":[1583.2793,-714.023254,210.648132],"rotationMatrix":[0.833316743,0.552795827,0,-0.552795827,0.833316743,0,0,0,1],"scale":0.762474954,"type":"shrub_distant_01"}
{"ctxid":0,"pos":[969.714661,986.172302,131.607697],"rotationMatrix":[0.934382021,0.356272668,0,-0.356272668,0.934382021,0,0,0,1],"scale":0.527633786,"type":"shrub_distant_01"}
{"ctxid":0,"pos":[957.780457,987.801636,130.604584],"rotationMatrix":[-0.830059528,0.557674825,0,-0.557674825,-0.830059528,0,0,0,1],"scale":0.703855753,"type":"shrub_distant_01"}
{"ctxid":0,"pos":[920.83197,991.837097,123.164162],"rotationMatrix":[-0.821573913,-0.570101976,0,0.570101976,-0.821573913,0,0,0,1],"scale":0.578125656,"type":"shrub_distant_01"}
{"ctxid":0,"pos":[894.916443,996.387939,123.437256],"rotationMatrix":[-0.139480233,-0.990224838,0,0.990224838,-0.139480233,0,0,0,1],"scale":0.674764514,"type":"shrub_distant_01"}
{"ctxid":0,"pos":[1072.01343,123.769554,170.280502],"rotationMatrix":[0.862930655,0.32053721,0.390648901,-0.410886467,0.895084083,0.173195884,-0.294147909,-0.309968412,0.904099882],"scale":0.874512851,"type":"shrub_distant_01"}
{"ctxid":0,"pos":[1051.08337,-756.962646,169.159149],"rotationMatrix":[-0.828882456,0.558650315,0.0293802433,-0.557240784,-0.819877028,-0.131468281,-0.0493566208,-0.125343665,0.9908849],"scale":0.594994605,"type":"shrub_distant_01"}
{"ctxid":0,"pos":[1052.05103,-728.599304,175.880524],"rotationMatrix":[-0.559794188,0.777812004,0.285725594,-0.61602366,-0.160019875,-0.771303236,-0.554207087,-0.607784688,0.568728685],"scale":0.692028403,"type":"shrub_distant_01"}
{"ctxid":0,"pos":[1902.76953,-426.45993,200.58754],"rotationMatrix":[0.761606276,-0.648040056,0,0.648040056,0.761606276,0,0,0,1],"scale":0.782519698,"type":"shrub_distant_01"}
{"ctxid":0,"pos":[1869.22498,-460.92691,216.447113],"rotationMatrix":[-0.902933776,-0.429779738,0,0.429779738,-0.902933776,0,0,0,1],"scale":0.821242452,"type":"shrub_distant_01"}
{"ctxid":0,"pos":[1820.2196,-394.903473,190.089783],"rotationMatrix":[-0.453034878,0.891492784,0,-0.891492784,-0.453034878,0,0,0,1],"scale":0.742582858,"type":"shrub_distant_01"}
{"ctxid":0,"pos":[1829.37927,-402.315674,190.227249],"rotationMatrix":[-0.966927588,-0.255050957,0,0.255050957,-0.966927588,0,0,0,1],"scale":0.588746369,"type":"shrub_distant_01"}
{"ctxid":0,"pos":[1803.69153,-417.576538,195.422821],"rotationMatrix":[-0.633005619,0.774147213,0,-0.774147213,-0.633005619,0,0,0,1],"scale":0.695912898,"type":"shrub_distant_01"}
{"ctxid":0,"pos":[1776.93896,-436.797577,203.749222],"rotationMatrix":[-0.718732476,-0.695286751,0,0.695286751,-0.718732476,0,0,0,1],"scale":0.776361108,"type":"shrub_distant_01"}
{"ctxid":0,"pos":[1765.84961,-433.977173,203.091537],"rotationMatrix":[0.614265382,0.789099514,0,-0.789099514,0.614265382,0,0,0,1],"scale":0.535284698,"type":"shrub_distant_01"}
{"ctxid":0,"pos":[1747.98901,-439.395264,207.772995],"rotationMatrix":[0.860967875,0.508659303,0,-0.508659303,0.860967875,0,0,0,1],"scale":0.655683517,"type":"shrub_distant_01"}
{"ctxid":0,"pos":[1716.48035,-465.098022,219.368195],"rotationMatrix":[0.314826608,-0.905813098,0.283524901,0.94582355,0.324382842,-0.0138969868,-0.0793825015,0.272539735,0.958864152],"scale":0.892797291,"type":"shrub_distant_01"}
{"ctxid":0,"pos":[1718.10388,-454.601898,215.616364],"rotationMatrix":[0.596820056,-0.701967418,0.388648272,0.798661411,0.566267014,-0.203670278,-0.0771087557,0.431952894,0.898593843],"scale":0.807583749,"type":"shrub_distant_01"}
{"ctxid":0,"pos":[1696.26746,-444.530579,213.247437],"rotationMatrix":[-0.854585528,-0.443657309,0.269909233,0.514257908,-0.795309067,0.32096976,0.0722607598,0.413099229,0.907814622],"scale":0.9054842,"type":"shrub_distant_01"}
{"ctxid":0,"pos":[1572.04529,-410.262482,206.407623],"rotationMatrix":[-0.989476204,-0.0538365506,0.134305313,0.0705710351,-0.989878058,0.123127989,0.126317129,0.131310314,0.983260691],"scale":0.92980659,"type":"shrub_distant_01"}
{"ctxid":0,"pos":[1600.90759,-413.694427,205.112793],"rotationMatrix":[-0.863385379,0.504545033,0,-0.504545033,-0.863385379,0,0,0,1],"scale":0.765432715,"type":"shrub_distant_01"}
{"ctxid":0,"pos":[1620.60706,-446.68573,210.62085],"rotationMatrix":[-0.23847127,0.932189405,-0.272312462,-0.970960557,-0.223330379,0.0857837498,0.019151032,0.284861654,0.958377302],"scale":0.648723245,"type":"shrub_distant_01"}
{"ctxid":0,"pos":[1645.85205,-365.143585,196.106979],"rotationMatrix":[0.61330241,-0.789848208,0,0.789848208,0.61330241,0,0,0,1],"scale":0.848677874,"type":"shrub_distant_01"}
{"ctxid":0,"pos":[1627.44397,-349.282196,195.020126],"rotationMatrix":[-0.993866861,0.110583261,0,-0.110583261,-0.993866861,0,0,0,1],"scale":0.856275797,"type":"shrub_distant_01"}
{"ctxid":0,"pos":[-230.72847,-1441.19775,220.489059],"rotationMatrix":[0.631571174,0.711772203,-0.307405412,-0.754660487,0.655273199,-0.0332347155,0.177778959,0.252976835,0.950998068],"scale":0.641874611,"type":"shrub_distant_01"}
{"ctxid":0,"pos":[-234.371719,-1399.4281,210.27562],"rotationMatrix":[-0.671141386,0.741199553,-0.0138560534,-0.714786708,-0.642042398,0.277238369,0.196592808,0.195970342,0.960701227],"scale":0.579362392,"type":"shrub_distant_01"}
{"ctxid":0,"pos":[-272.841644,-1380.64636,217.168991],"rotationMatrix":[-0.29627955,0.935680866,-0.191623837,-0.88066709,-0.189983964,0.433971703,0.369653553,0.297333777,0.880311787],"scale":0.539559364,"type":"shrub_distant_01"}
{"ctxid":0,"pos":[-257.767548,-1359.69495,206.11409],"rotationMatrix":[0.884953678,-0.380661696,-0.268241763,0.28979072,0.901063859,-0.322653413,0.364524782,0.20779933,0.907712042],"scale":0.711778998,"type":"shrub_distant_01"}
{"ctxid":0,"pos":[-256.56427,-1338.42285,199.9272],"rotationMatrix":[-0.922164679,0.362407655,0.13517563,-0.310472637,-0.901958823,0.300127268,0.230691329,0.234798506,0.944272816],"scale":0.854281545,"type":"shrub_distant_01"}
{"ctxid":0,"pos":[-266.350037,-1335.75134,201.653641],"rotationMatrix":[0.3602494,0.880876541,-0.307045698,-0.903881669,0.41100651,0.118624583,0.230691388,0.234798476,0.944272816],"scale":0.908985138,"type":"shrub_distant_01"}
{"ctxid":0,"pos":[-267.813843,-1327.89636,200.130295],"rotationMatrix":[0.133178473,0.965893686,-0.222063854,-0.956720173,0.183786869,0.225628927,0.258745998,0.182404175,0.948566914],"scale":0.72192663,"type":"shrub_distant_01"}
{"ctxid":0,"pos":[-257.481506,-1308.64392,193.732208],"rotationMatrix":[-0.964393377,0.1410833,0.223697469,-0.0950169489,-0.974186063,0.20477514,0.246813372,0.176228777,0.952904284],"scale":0.695516825,"type":"shrub_distant_01"}
{"ctxid":0,"pos":[-272.927887,-1316.21228,199.278488],"rotationMatrix":[0.622927904,0.719016135,-0.308182448,-0.738248646,0.670629859,0.0724179447,0.258745998,0.18240419,0.948566914],"scale":0.568019807,"type":"shrub_distant_01"}
{"ctxid":0,"pos":[-194.358536,-1224.32666,175.920105],"rotationMatrix":[0.470885336,-0.867096126,-0.162515536,0.867868125,0.48837471,-0.0910771936,0.158341154,-0.0981551409,0.982493579],"scale":0.900462151,"type":"shrub_distant_01"}
{"ctxid":0,"pos":[-188.691086,-1213.19714,174.662811],"rotationMatrix":[0.175488532,-0.981862247,0.0717633218,0.95337373,0.151311874,-0.26111865,0.245523974,0.114240572,0.962635458],"scale":0.783818126,"type":"shrub_distant_01"}
{"ctxid":0,"pos":[-237.173843,-1218.79236,181.999969],"rotationMatrix":[0.980770051,0.0311992522,-0.192657009,-0.0459622331,0.996298611,-0.0726400167,0.189677581,0.0800980926,0.978573799],"scale":0.89488554,"type":"shrub_distant_01"}
{"ctxid":0,"pos":[-239.350754,-1220.01733,182.522186],"rotationMatrix":[0.889097512,-0.43686676,-0.136575967,0.416566908,0.89595294,-0.154078871,0.189677596,0.0800980926,0.978573799],"scale":0.956626177,"type":"shrub_distant_01"}
{"ctxid":0,"pos":[-345.836731,-1214.00024,213.575546],"rotationMatrix":[0.298438072,-0.952192128,-0.0653057396,0.847584426,0.295865119,-0.440527499,0.438788503,0.0761180073,0.895360649],"scale":0.618658781,"type":"shrub_distant_01"}
{"ctxid":0,"pos":[-332.381561,-1213.35327,207.035599],"rotationMatrix":[0.0458355546,-0.998762369,-0.0193053186,0.910671473,0.0497203469,-0.410128295,0.410580605,0.00121760368,0.911823511],"scale":0.62724328,"type":"shrub_distant_01"}
{"ctxid":0,"pos":[-350.459503,-1227.55701,216.358047],"rotationMatrix":[0.864235818,0.489890665,-0.11447084,-0.480062455,0.871098697,0.103571907,0.150454313,-0.0345573984,0.988012791],"scale":0.742732644,"type":"shrub_distant_01"}
{"ctxid":0,"pos":[-347.257446,-1222.82727,215.005173],"rotationMatrix":[-0.822922468,-0.376184821,0.425774157,0.357442081,-0.925303698,-0.126682341,0.44162631,0.0479398444,0.895917416],"scale":0.815241992,"type":"shrub_distant_01"}
{"ctxid":0,"pos":[-321.935822,-1224.98938,202.830734],"rotationMatrix":[0.276086807,0.936135411,-0.217775851,-0.863211513,0.341150105,0.372132152,0.422660381,0.0852459371,0.902270079],"scale":0.939793468,"type":"shrub_distant_01"}
{"ctxid":0,"pos":[-304.68631,-1241.95703,198.744217],"rotationMatrix":[-0.790139198,0.503514767,0.349503398,-0.486746222,-0.862013817,0.141456351,0.372502208,-0.0583492629,0.926195145],"scale":0.796005726,"type":"shrub_distant_01"}
{"ctxid":0,"pos":[-294.733582,-1291.26868,200.577347],"rotationMatrix":[0.699048042,-0.710540295,-0.0804001987,0.641957164,0.673118949,-0.367153645,0.314996392,0.205044523,0.926679015],"scale":0.845368028,"type":"shrub_distant_01"}
{"ctxid":0,"pos":[-284.250122,-1353.56567,212.56543],"rotationMatrix":[-0.846037626,-0.188563764,0.498661637,0.314059675,-0.932111859,0.18037042,0.430797219,0.309209764,0.847822547],"scale":0.935307622,"type":"shrub_distant_01"}
{"ctxid":0,"pos":[-270.691437,-1389.46399,219.244339],"rotationMatrix":[0.927515268,-0.0615677908,-0.368679762,-0.0554220974,0.952786446,-0.298540324,0.369653583,0.297333747,0.880311787],"scale":0.651604295,"type":"shrub_distant_01"}
{"ctxid":0,"pos":[-292.660614,-1450.61353,244.772049],"rotationMatrix":[0.694121301,-0.510955513,-0.507070005,0.5457955,0.83284229,-0.0920918956,0.469364196,-0.212833673,0.856970847],"scale":0.54052043,"type":"shrub_distant_01"}
{"ctxid":0,"pos":[-320.327362,-1509.77905,257.818024],"rotationMatrix":[-0.131721422,0.991286755,0,-0.991286755,-0.131721422,0,0,0,1],"scale":0.853335977,"type":"shrub_distant_01"}
{"ctxid":0,"pos":[-320.722687,-1573.63257,260.637238],"rotationMatrix":[0.534894705,-0.831931949,-0.147569627,0.76082325,0.550214112,-0.344110876,0.367471725,0.0717886686,0.927259862],"scale":0.748170376,"type":"shrub_distant_01"}
{"ctxid":0,"pos":[-321.319397,-1584.57849,261.72113],"rotationMatrix":[-0.301852942,0.95224905,0.0459005386,-0.87968719,-0.296763301,0.37159425,0.367471814,0.0717886537,0.927259862],"scale":0.511239409,"type":"shrub_distant_01"}
{"ctxid":0,"pos":[-334.855896,-1649.70703,273.233246],"rotationMatrix":[0.740266323,-0.626159072,-0.244807184,0.566698074,0.777061045,-0.273914814,0.361744404,0.0640380979,0.930075288],"scale":0.545416534,"type":"shrub_distant_01"}
{"ctxid":0,"pos":[-330.893738,-1682.82434,273.907043],"rotationMatrix":[0.88710624,0.2295499,-0.400436461,-0.224001601,0.972656906,0.0613332838,0.40356636,0.0352892801,0.914269567],"scale":0.612524271,"type":"shrub_distant_01"}
{"ctxid":0,"pos":[-337.205841,-1688.25806,277.455414],"rotationMatrix":[-0.0274227932,0.999623954,0,-0.999623954,-0.0274227932,0,0,0,1],"scale":0.725756884,"type":"shrub_distant_01"}
{"ctxid":0,"pos":[-331.566223,-1631.87207,270.436371],"rotationMatrix":[-0.66799736,0.722627163,0.177735105,-0.64726162,-0.682049155,0.340384305,0.36719501,0.112334669,0.923335671],"scale":0.853736639,"type":"shrub_distant_01"}
{"ctxid":0,"pos":[-303.467072,-1633.84973,259.911163],"rotationMatrix":[-0.483275771,-0.847955823,0.217751682,0.820955276,-0.52533865,-0.223723263,0.304100752,0.0706443414,0.950016916],"scale":0.685829699,"type":"shrub_distant_01"}
{"ctxid":0,"pos":[-256.800537,-1502.22546,236.664871],"rotationMatrix":[-0.825200558,-0.520590663,0.219154343,0.532442689,-0.84644556,-0.00583906472,0.188542053,0.111868739,0.975672722],"scale":0.783253312,"type":"shrub_distant_01"}
{"ctxid":0,"pos":[-239.266403,-1481.35681,230.317032],"rotationMatrix":[-0.0413404703,0.992434561,-0.115605086,-0.976818264,-0.0158219337,0.213484615,0.21004042,0.121750712,0.970082343],"scale":0.587417364,"type":"shrub_distant_01"}
{"ctxid":0,"pos":[-244.377686,-1476.78333,230.844971],"rotationMatrix":[0.346612871,0.898400605,-0.269695878,-0.913407505,0.388686895,0.120868638,0.213415727,0.204447612,0.955329716],"scale":0.551313519,"type":"shrub_distant_01"}
{"ctxid":0,"pos":[-316.539856,-1206.23694,200.149826],"rotationMatrix":[-0.774952292,-0.571849167,0.269141346,0.549337447,-0.82002461,-0.16058515,0.31253311,0.0234035701,0.949618518],"scale":0.793373764,"type":"shrub_distant_01"}
{"ctxid":0,"pos":[-292.896454,-1117.47302,182.823853],"rotationMatrix":[0.900779843,-0.404887825,0.157039747,0.433084339,0.864288211,-0.255819738,-0.0321492851,0.298448741,0.953884065],"scale":0.622107029,"type":"shrub_distant_01"}
{"ctxid":0,"pos":[-280.466644,-1121.42932,182.401596],"rotationMatrix":[0.56793344,0.79088068,-0.227945924,-0.755579591,0.610801339,0.236687809,0.326421499,0.0378083885,0.944467843],"scale":0.853764415,"type":"shrub_distant_01"}
{"ctxid":0,"pos":[-257.978607,-1084.13574,167.331894],"rotationMatrix":[-0.984574318,0.167465061,-0.0506804474,-0.17327705,-0.893121362,0.4151012,0.0242511518,0.417479843,0.908362508],"scale":0.890470028,"type":"shrub_distant_01"}
{"ctxid":0,"pos":[-254.574295,-1065.22314,158.936172],"rotationMatrix":[-0.162654519,0.956465483,-0.242317557,-0.971226096,-0.111902714,0.210233256,0.173964888,0.269540429,0.947145283],"scale":0.636059403,"type":"shrub_distant_01"}
{"ctxid":0,"pos":[-243.960144,-1071.31067,160.127731],"rotationMatrix":[-0.987689614,-0.0277593266,0.153944343,0.0779613554,-0.940548658,0.330591053,0.13561514,0.338523,0.931134105],"scale":0.596636832,"type":"shrub_distant_01"}
{"ctxid":0,"pos":[-343.342194,-1119.71448,188.353256],"rotationMatrix":[-0.999198675,0.0247090477,0.0314837433,-0.0146689732,-0.958020449,0.286324084,0.0372368656,0.285632849,0.957615435],"scale":0.628049374,"type":"shrub_distant_01"}
{"ctxid":0,"pos":[-344.082703,-1155.99207,199.345657],"rotationMatrix":[0.122823358,-0.943651617,0.307303965,0.99232167,0.112234235,-0.0519690067,0.014550671,0.311327457,0.950191259],"scale":0.574313998,"type":"shrub_distant_01"}
{"ctxid":0,"pos":[-355.977844,-1205.27466,212.698318],"rotationMatrix":[-0.281587243,-0.933446884,0.222228944,0.957553387,-0.258485913,0.127579793,-0.061645925,0.248720899,0.966611445],"scale":0.655710399,"type":"shrub_distant_01"}
{"ctxid":0,"pos":[-371.987061,-1211.66711,213.781296],"rotationMatrix":[0.486621201,-0.810078621,0.327066183,0.864504218,0.500448465,-0.0467290133,-0.125825554,0.30548948,0.943845391],"scale":0.723091602,"type":"shrub_distant_01"}
{"ctxid":0,"pos":[-572.901611,-1374.40759,238.847305],"rotationMatrix":[0.0699080825,-0.968243599,0.240035385,0.962556243,0.00229650736,-0.27107197,0.261912495,0.249997675,0.932149649],"scale":0.514818072,"type":"shrub_distant_01"}
{"ctxid":0,"pos":[-625.70166,-1446.90222,268.306885],"rotationMatrix":[-0.090028882,0.995341003,-0.0345110595,-0.915886462,-0.0691312551,0.395439863,0.391211748,0.0672092587,0.917843282],"scale":0.765159726,"type":"shrub_distant_01"}
{"ctxid":0,"pos":[-615.360046,-1435.76453,263.072906],"rotationMatrix":[-0.0233510733,-0.987333834,0.156929463,0.972177923,-0.0590227842,-0.226686284,0.233077407,0.147269979,0.961242139],"scale":0.710772991,"type":"shrub_distant_01"}
{"ctxid":0,"pos":[-593.737671,-1363.48364,241.354782],"rotationMatrix":[-0.911721468,-0.277343959,0.303056121,0.347062677,-0.914709568,0.207009196,0.219795719,0.293914378,0.930217266],"scale":0.955964565,"type":"shrub_distant_01"}
{"ctxid":0,"pos":[-589.617554,-1345.95544,235.940369],"rotationMatrix":[-0.536274552,0.834738433,0.12498676,-0.772118866,-0.544983506,0.32684207,0.340943307,0.0787724108,0.936777771],"scale":0.820501447,"type":"shrub_distant_01"}
{"ctxid":0,"pos":[-583.173889,-1287.99512,222.129562],"rotationMatrix":[-0.998345494,-0.020172108,-0.0538409166,-0.000918745063,-0.930716634,0.365739346,-0.0574883856,0.365183771,0.929158688],"scale":0.740100861,"type":"shrub_distant_01"}
{"ctxid":0,"pos":[-563.57428,-1287.19763,218.51973],"rotationMatrix":[0.868632913,0.387516052,-0.308720261,-0.419441193,0.906815052,-0.0418988839,0.263715714,0.165884763,0.950229585],"scale":0.939307451,"type":"shrub_distant_01"}
{"ctxid":0,"pos":[-580.895752,-1281.08606,219.555069],"rotationMatrix":[0.340570271,-0.867695987,0.362098694,0.938459814,0.337260425,-0.0744880736,-0.057488516,0.365183502,0.929158807],"scale":0.604310989,"type":"shrub_distant_01"}
{"ctxid":0,"pos":[-466.63974,-1249.26074,209.876297],"rotationMatrix":[0.957179725,-0.203912601,0.205491051,0.259019017,0.920254111,-0.293328375,-0.129290625,0.333994061,0.933665812],"scale":0.798245072,"type":"shrub_distant_01"}
{"ctxid":0,"pos":[-458.267517,-1204.78455,201.639618],"rotationMatrix":[0.873054147,0.484858513,-0.0518526062,-0.477835774,0.829481065,-0.289195657,-0.0972082242,0.277260482,0.955864608],"scale":0.772746682,"type":"shrub_distant_01"}
{"ctxid":0,"pos":[-464.481232,-1182.46216,197.443726],"rotationMatrix":[0.80026722,0.566929698,-0.195353836,-0.589608669,0.803297698,-0.0841097683,0.109242968,0.182492599,0.977119446],"scale":0.636205733,"type":"shrub_distant_01"}
{"ctxid":0,"pos":[-435.289978,-1144.67407,191.674973],"rotationMatrix":[0.0372135043,0.986563981,-0.159080118,-0.996390045,0.0244769454,-0.0812866092,-0.0763006732,0.161530823,0.9839136],"scale":0.544086754,"type":"shrub_distant_01"}
{"ctxid":0,"pos":[-415.602478,-1118.4364,185.603134],"rotationMatrix":[-0.86863625,0.401055723,-0.290903926,-0.464540869,-0.863414884,0.19676435,-0.172257349,0.30605346,0.936300516],"scale":0.729575157,"type":"shrub_distant_01"}
{"ctxid":0,"pos":[-416.030914,-1114.02954,184.202042],"rotationMatrix":[0.989199042,0.0207793228,0.14509815,0.0218857527,0.957866192,-0.286379755,-0.144935399,0.286462188,0.947065532],"scale":0.546154439,"type":"shrub_distant_01"}
{"ctxid":0,"pos":[-414.14743,-1109.00708,182.642136],"rotationMatrix":[0.768302917,-0.495003551,0.405810356,0.608012974,0.762558699,-0.220962495,-0.200076997,0.416504115,0.886844695],"scale":0.565193951,"type":"shrub_distant_01"}
{"ctxid":0,"pos":[-321.274414,-1075.51099,176.56929],"rotationMatrix":[-0.536272049,0.752639234,-0.382029533,-0.813910425,-0.580986738,-0.00208376348,-0.223522425,0.309820354,0.924147785],"scale":0.756612062,"type":"shrub_distant_01"}
{"ctxid":0,"pos":[-318.145721,-1067.72742,172.964981],"rotationMatrix":[0.900341868,-0.415157527,-0.130493999,0.30958721,0.82176435,-0.478392124,0.305843413,0.390317202,0.868396401],"scale":0.878674507,"type":"shrub_distant_01"}
{"ctxid":0,"pos":[-308.094727,-1050.65747,164.744705],"rotationMatrix":[-0.878828406,0.475001931,0.0450935066,-0.445100665,-0.850197434,0.281157076,0.17188856,0.227017716,0.958601713],"scale":0.70084393,"type":"shrub_distant_01"}
{"ctxid":0,"pos":[-289.279266,-1047.22888,160.966858],"rotationMatrix":[0.636530817,-0.762894928,0.113224298,0.739157975,0.561525524,-0.371933341,0.220167756,0.32043767,0.921328306],"scale":0.569808364,"type":"shrub_distant_01"}
{"ctxid":0,"pos":[-301.18103,-1056.2782,165.732895],"rotationMatrix":[0.846881807,-0.480341941,0.228172809,0.530626953,0.791556954,-0.303105026,-0.0350177214,0.377768785,0.925237536],"scale":0.750878334,"type":"shrub_distant_01"}
{"ctxid":0,"pos":[-315.466614,-1050.94995,166.813126],"rotationMatrix":[0.217628419,0.965451777,-0.143320858,-0.926735461,0.250473499,0.280043989,0.306267023,0.0718749538,0.949228406],"scale":0.713094473,"type":"shrub_distant_01"}
{"ctxid":0,"pos":[-336.73111,-1069.65308,176.858963],"rotationMatrix":[0.409013867,0.871950328,-0.269091249,-0.837181151,0.475889504,0.269549251,0.36309129,0.115028784,0.924625933],"scale":0.72785449,"type":"shrub_distant_01"}
{"ctxid":0,"pos":[-189.915863,-1066.32043,153.491425],"rotationMatrix":[0.525114179,0.85103178,0,-0.85103178,0.525114179,0,0,0,1],"scale":0.743242145,"type":"shrub_distant_01"}
{"ctxid":0,"pos":[-182.909225,-1058.21191,151.220215],"rotationMatrix":[-0.281517863,0.959555984,0,-0.959555984,-0.281517863,0,0,0,1],"scale":0.895555258,"type":"shrub_distant_01"}
{"ctxid":0,"pos":[-160.426605,-1064.05249,151.059616],"rotationMatrix":[-0.55915767,0.829061329,0,-0.829061329,-0.55915767,0,0,0,1],"scale":0.887899578,"type":"shrub_distant_01"}
{"ctxid":0,"pos":[-131.648392,-1038.85596,148.385498],"rotationMatrix":[0.359671354,0.933079064,0,-0.933079064,0.359671354,0,0,0,1],"scale":0.748937726,"type":"shrub_distant_01"}
{"ctxid":0,"pos":[-62.4392853,-1052.13928,147.410614],"rotationMatrix":[0.961731195,0.0766590312,-0.263052315,-0.11138209,0.986540079,-0.119719207,0.250334114,0.144437015,0.957324803],"scale":0.708240628,"type":"shrub_distant_01"}
{"ctxid":0,"pos":[-75.6902924,-1051.05664,149.524002],"rotationMatrix":[0.542256653,-0.798996866,0.259925902,0.839142859,0.499392986,-0.215512604,0.0423887894,0.334978133,0.941271901],"scale":0.808168769,"type":"shrub_distant_01"}
{"ctxid":0,"pos":[-76.8018341,-1054.6748,151.093826],"rotationMatrix":[-0.957855701,0.268331319,-0.102519482,-0.2866579,-0.870049596,0.401049197,0.0184170119,0.413535357,0.910301745],"scale":0.729439497,"type":"shrub_distant_01"}
{"ctxid":0,"pos":[-106.084427,-1069.23999,148.927551],"rotationMatrix":[0.297630697,-0.954681098,0,0.954681098,0.297630697,0,0,0,1],"scale":0.614663363,"type":"shrub_distant_01"}
{"ctxid":0,"pos":[-51.9509544,-1084.30566,153.579376],"rotationMatrix":[-0.622349977,-0.780617714,-0.0575953424,0.687437773,-0.580282211,0.436695099,-0.374313384,0.232183814,0.897764027],"scale":0.82175684,"type":"shrub_distant_01"}
{"ctxid":0,"pos":[-38.4505844,-1072.81396,153.180954],"rotationMatrix":[0.0850943923,-0.979007661,0.185210019,0.98147434,0.114386022,0.153700292,-0.171659201,0.16869989,0.970604658],"scale":0.676633239,"type":"shrub_distant_01"}
{"ctxid":0,"pos":[-272.064117,-1047.63171,156.13623],"rotationMatrix":[0.710710466,-0.701405287,0.054048188,0.688201666,0.677288055,-0.260114014,0.145839185,0.222061798,0.964064062],"scale":0.772488236,"type":"shrub_distant_01"}
{"ctxid":0,"pos":[-267.619171,-1043.26831,154.901733],"rotationMatrix":[0.802130818,-0.597133219,-0.00425047241,0.594215214,0.798875272,-0.0933090448,0.0591135249,0.072320357,0.995628119],"scale":0.897833228,"type":"shrub_distant_01"}
{"ctxid":0,"pos":[-274.443573,-1063.15735,160.209396],"rotationMatrix":[0.473280072,0.83463484,-0.281762838,-0.871593058,0.490074754,-0.0123300031,0.127793759,0.251418144,0.959404826],"scale":0.763101816,"type":"shrub_distant_01"}
{"ctxid":0,"pos":[-251.557419,-1032.34192,151.757233],"rotationMatrix":[0.871919513,-0.394051045,-0.290654689,0.353879541,0.917383432,-0.182145387,0.338416368,0.0559593365,0.939331114],"scale":0.834642589,"type":"shrub_distant_01"}
{"ctxid":0,"pos":[-278.865967,-1036.66541,156.205597],"rotationMatrix":[0.360885978,-0.913093567,0.189792186,0.928233027,0.331982851,-0.167840526,0.0902464315,0.23674269,0.967371941],"scale":0.738586128,"type":"shrub_distant_01"}
{"ctxid":0,"pos":[-298.685364,-1006.8233,152.293915],"rotationMatrix":[0.168921113,-0.985531867,-0.0138742626,0.946131051,0.166080654,-0.277944326,0.276227266,0.0338237807,0.960496962],"scale":0.592752695,"type":"shrub_distant_01"}
{"ctxid":0,"pos":[-322.721466,-974.078918,154.38504],"rotationMatrix":[0.372656822,0.790711999,-0.485696703,-0.79300034,0.543184876,0.27586326,0.481951505,0.282355398,0.829456568],"scale":0.92137742,"type":"shrub_distant_01"}
{"ctxid":0,"pos":[-315.532959,-980.853516,154.257568],"rotationMatrix":[0.888752699,-0.396249205,-0.230445445,0.330552489,0.902316749,-0.27669391,0.317574561,0.169738144,0.932917655],"scale":0.690552354,"type":"shrub_distant_01"}
{"ctxid":0,"pos":[-297.513336,-1020.3053,154.869232],"rotationMatrix":[0.286239326,-0.863470018,0.415314674,0.916277349,0.1199283,-0.382168263,0.280183017,0.489935011,0.825506568],"scale":0.842286766,"type":"shrub_distant_01"}
{"ctxid":0,"pos":[-299.509003,-1011.4588,153.059921],"rotationMatrix":[0.642121375,0.694409251,-0.324770361,-0.726696253,0.686277926,0.0305770487,0.244115695,0.216375276,0.945298493],"scale":0.701039314,"type":"shrub_distant_01"}
{"ctxid":0,"pos":[-277.551971,-1043.04932,156.672714],"rotationMatrix":[-0.819164038,-0.424222231,0.386012346,0.426868737,-0.900431991,-0.0836961642,0.383083671,0.0962157175,0.918688953],"scale":0.743484437,"type":"shrub_distant_01"}
{"ctxid":0,"pos":[-240.598785,-1031.82471,149.415039],"rotationMatrix":[0.778587282,0.596807778,-0.193964481,-0.607569873,0.794250488,0.00499418378,0.15703693,0.11395859,0.980995834],"scale":0.886260748,"type":"shrub_distant_01"}
{"ctxid":0,"pos":[-241.386414,-1061.20837,156.221756],"rotationMatrix":[0.180137336,-0.950008273,0.25501889,0.971492648,0.131208062,-0.197449386,0.154118076,0.28331697,0.946561754],"scale":0.567174077,"type":"shrub_distant_01"}
{"ctxid":0,"pos":[-389.248962,-1052.2522,167.859268],"rotationMatrix":[0.842407227,0.150793672,0.517311573,-0.0358392224,0.973598301,-0.22543712,-0.537648201,0.171369806,0.825570583],"scale":0.526433349,"type":"shrub_distant_01"}
{"ctxid":0,"pos":[-383.806335,-1031.58301,167.42955],"rotationMatrix":[0.502429783,-0.730474472,0.46257028,0.565512657,0.682331204,0.463270366,-0.654033363,0.0288285911,0.755916178],"scale":0.716112852,"type":"shrub_distant_01"}
{"ctxid":0,"pos":[-374.023376,-1054.33667,177.97934],"rotationMatrix":[-0.183482528,0.964158237,-0.191659272,-0.875438511,-0.248951793,-0.414283365,-0.447148561,0.0917722285,0.889739335],"scale":0.651730418,"type":"shrub_distant_01"}
{"ctxid":0,"pos":[-376.653046,-1043.17053,173.731766],"rotationMatrix":[0.197590768,-0.968360662,0.152432591,0.797387242,0.249218881,0.549603283,-0.570203304,0.0129511952,0.821401596],"scale":0.889423907,"type":"shrub_distant_01"}
{"ctxid":0,"pos":[-367.519135,-1048.68835,180.510239],"rotationMatrix":[0.530468464,-0.759623587,0.376264542,0.70926708,0.640813708,0.293765098,-0.46426639,0.111038983,0.878707588],"scale":0.955910325,"type":"shrub_distant_01"}
{"ctxid":0,"pos":[-363.495819,-1056.97485,183.304123],"rotationMatrix":[-0.732104182,-0.617295325,-0.288044691,0.545036137,-0.784469128,0.295877457,-0.408605993,0.0596183911,0.910761654],"scale":0.950419962,"type":"shrub_distant_01"}
{"ctxid":0,"pos":[-344.358978,-1082.42957,180.912827],"rotationMatrix":[0.950452983,-0.241744757,-0.195444494,0.216448963,0.965895057,-0.14211452,0.223134309,0.0927694142,0.970363259],"scale":0.747225404,"type":"shrub_distant_01"}
{"ctxid":0,"pos":[-352.088165,-1083.58813,183.177933],"rotationMatrix":[-0.61061132,0.774000108,0.167563081,-0.780317485,-0.624137282,0.0394577831,0.135122716,-0.10665904,0.985071421],"scale":0.667683601,"type":"shrub_distant_01"}
{"ctxid":0,"pos":[-411.480103,-1134.47595,190.236328],"rotationMatrix":[-0.708157182,-0.697697699,0.108312592,0.702305615,-0.680270433,0.209759772,-0.0726670623,0.224611402,0.971735179],"scale":0.575228274,"type":"shrub_distant_01"}
{"ctxid":0,"pos":[-406.624817,-1104.50269,181.786392],"rotationMatrix":[-0.915422559,-0.312105924,0.254148096,0.391601652,-0.836539268,0.383210152,0.0930027142,0.450324088,0.888008296],"scale":0.655130863,"type":"shrub_distant_01"}
{"ctxid":0,"pos":[-400.53476,-1083.39758,171.784866],"rotationMatrix":[-0.442126751,-0.757890403,0.479714364,0.798671186,-0.0892329216,0.595114768,-0.408225447,0.646250308,0.644757688],"scale":0.580066144,"type":"shrub_distant_01"}
{"ctxid":0,"pos":[-395.166931,-1074.86267,169.919693],"rotationMatrix":[0.760539651,0.2082901,0.614975274,0.0208628103,0.938819826,-0.343776137,-0.64895612,0.274285465,0.709664166],"scale":0.8918944,"type":"shrub_distant_01"}
{"ctxid":0,"pos":[-661.177429,-1022.89117,185.583481],"rotationMatrix":[0.223132849,-0.816221595,0.532910824,0.974777699,0.184323192,-0.125830337,0.00447764993,0.547546506,0.836763263],"scale":0.655078053,"type":"shrub_distant_01"}
{"ctxid":0,"pos":[-673.336792,-1042.28088,189.299301],"rotationMatrix":[-0.396556616,-0.913044989,0.0953481495,0.908361375,-0.37524724,0.184576958,-0.132747933,0.159805834,0.978182018],"scale":0.788878441,"type":"shrub_distant_01"}
{"ctxid":0,"pos":[-667.257629,-1053.19104,191.499649],"rotationMatrix":[-0.750782728,0.629294336,-0.200781554,-0.613225877,-0.776994944,-0.14223972,-0.245516986,0.0163332894,0.969254673],"scale":0.583129644,"type":"shrub_distant_01"}
{"ctxid":0,"pos":[-656.160522,-1050.84656,193.282516],"rotationMatrix":[-0.953711987,-0.300391078,0.0140834302,0.274621904,-0.850901484,0.447827071,-0.122539669,0.430965751,0.894009233],"scale":0.732527971,"type":"shrub_distant_01"}
{"ctxid":0,"pos":[-653.057373,-1068.22302,191.399124],"rotationMatrix":[0.826893985,0.562005818,-0.019893799,-0.556121051,0.822465479,0.119498327,0.0835207254,-0.0877490789,0.992635071],"scale":0.819398046,"type":"shrub_distant_01"}
{"ctxid":0,"pos":[-648.515869,-1078.17981,192.039307],"rotationMatrix":[-0.0541183949,0.987510026,-0.147969678,-0.998419225,-0.0512629747,0.0230461955,0.0151729733,0.148983002,0.988723338],"scale":0.874404311,"type":"shrub_distant_01"}
{"ctxid":0,"pos":[-695.916565,-1094.1958,197.484329],"rotationMatrix":[-0.0860693455,0.960362911,-0.265131146,-0.985192299,-0.0424339771,0.1661174,0.148282364,0.27550289,0.949794948],"scale":0.829966784,"type":"shrub_distant_01"}
{"ctxid":0,"pos":[-670.362427,-1117.62939,197.371353],"rotationMatrix":[0.39716804,0.911133468,-0.109968513,-0.905956566,0.408385754,0.111640066,0.146628588,0.0552868508,0.987645388],"scale":0.891653061,"type":"shrub_distant_01"}
{"ctxid":0,"pos":[-651.364746,-1129.59985,196.055588],"rotationMatrix":[-0.910645366,-0.403150886,0.0905212536,0.406096667,-0.913688421,0.016081579,0.0762249306,0.0514049977,0.995764673],"scale":0.500373006,"type":"shrub_distant_01"}
{"ctxid":0,"pos":[-642.059937,-1127.33264,195.416687],"rotationMatrix":[0.0745291114,0.995895267,-0.0513599217,-0.996653676,0.0761216879,0.0297792964,0.0335666612,0.0489686392,0.99823612],"scale":0.64578414,"type":"shrub_distant_01"}
{"ctxid":0,"pos":[-585.703979,-1125.58923,193.893295],"rotationMatrix":[0.971991658,0.227144897,-0.0603112616,-0.230588287,0.971319795,-0.0580249988,0.0454014353,0.0703068897,0.996491671],"scale":0.780333579,"type":"shrub_distant_01"}
{"ctxid":0,"pos":[-609.160461,-1127.88257,194.185669],"rotationMatrix":[-0.912032604,-0.409134865,0.0283692367,0.409036994,-0.91246891,-0.0094369594,0.0297470391,0.00299725216,0.999552965],"scale":0.956949234,"type":"shrub_distant_01"}
{"ctxid":0,"pos":[-1399.73438,-607.535522,120.003174],"rotationMatrix":[-0.964523435,0.142581135,0.222182453,-0.158215642,-0.985919118,-0.0541412719,0.211334407,-0.0873732716,0.973500729],"scale":0.71274817,"type":"shrub_distant_01"}
{"ctxid":0,"pos":[-1394.58337,-610.870972,119.173836],"rotationMatrix":[0.922573626,-0.36499998,-0.125031531,0.370015413,0.928836942,0.0187231954,0.109299935,-0.0635371283,0.991976082],"scale":0.602792621,"type":"shrub_distant_01"}
{"ctxid":0,"pos":[-1380.60278,-616.339783,117.283112],"rotationMatrix":[-0.984299302,0.132223934,0.116923206,-0.138591945,-0.989181042,-0.0480875075,0.109299935,-0.0635371357,0.991976082],"scale":0.772543192,"type":"shrub_distant_01"}
{"ctxid":0,"pos":[148.795029,-1840.39087,266.501282],"rotationMatrix":[-0.75954783,-0.650451481,0,0.650451481,-0.75954783,0,0,0,1],"scale":0.517702401,"type":"shrub_distant_01"}
{"ctxid":0,"pos":[149.43454,-1843.47998,267.683319],"rotationMatrix":[0.62143147,0.783468544,0,-0.783468544,0.62143147,0,0,0,1],"scale":0.589008868,"type":"shrub_distant_01"}
{"ctxid":0,"pos":[330.663696,-1449.76245,214.116791],"rotationMatrix":[0.143465817,-0.989655256,0,0.989655256,0.143465817,0,0,0,1],"scale":0.676339984,"type":"shrub_distant_01"}
{"ctxid":0,"pos":[323.176453,-1447.9563,212.957809],"rotationMatrix":[0.859646022,0.510890126,0,-0.510890126,0.859646022,0,0,0,1],"scale":0.805217028,"type":"shrub_distant_01"}
{"ctxid":0,"pos":[307.851471,-1442.65576,212.124573],"rotationMatrix":[0.0817658305,0.99665159,0,-0.99665159,0.0817658305,0,0,0,1],"scale":0.692082644,"type":"shrub_distant_01"}
{"ctxid":0,"pos":[292.81665,-1451.91821,208.076233],"rotationMatrix":[-0.851707101,0.504986703,-0.139938444,-0.498597562,-0.863125324,-0.0800905079,-0.161229104,0.00155929849,0.986915767],"scale":0.566896617,"type":"shrub_distant_01"}
{"ctxid":0,"pos":[293.722626,-1379.64441,224.170624],"rotationMatrix":[-0.746868849,-0.598480642,-0.289840043,0.64677006,-0.755071044,-0.107497029,-0.154515028,-0.267746091,0.951018989],"scale":0.862426817,"type":"shrub_distant_01"}
{"ctxid":0,"pos":[278.088806,-1374.28015,221.972336],"rotationMatrix":[0.140404284,-0.961389482,-0.236678436,0.964877665,0.0792548656,0.250458717,-0.222030506,-0.263531208,0.938751161],"scale":0.93598485,"type":"shrub_distant_01"}
{"ctxid":0,"pos":[392.967957,-1355.83167,253.772705],"rotationMatrix":[-0.863619328,-0.50414449,0,0.50414449,-0.863619328,0,0,0,1],"scale":0.677793324,"type":"shrub_distant_01"}
{"ctxid":0,"pos":[440.617615,-1379.2627,256.342072],"rotationMatrix":[0.523348212,0.852118909,0,-0.852118909,0.523348212,0,0,0,1],"scale":0.734068334,"type":"shrub_distant_01"}
{"ctxid":0,"pos":[398.137756,-1386.35376,244.43013],"rotationMatrix":[-0.999121964,0.0418956093,0,-0.0418956093,-0.999121964,0,0,0,1],"scale":0.795684814,"type":"shrub_distant_01"}
{"ctxid":0,"pos":[-1963.28601,-1245.14697,195.243988],"rotationMatrix":[-0.862379313,-0.50626272,0,0.50626272,-0.862379313,0,0,0,1],"scale":0.955609262,"type":"shrub_distant_01"}
{"ctxid":0,"pos":[-1816.01282,-1350.81958,115.248512],"rotationMatrix":[0.669559002,-0.74275887,0,0.74275887,0.669559002,0,0,0,1],"scale":0.62774992,"type":"shrub_distant_01"}
{"ctxid":0,"pos":[-1806.15881,-1376.64563,110.144287],"rotationMatrix":[0.327133119,0.944978237,0,-0.944978237,0.327133119,0,0,0,1],"scale":0.551466405,"type":"shrub_distant_01"}
{"ctxid":0,"pos":[-1808.48584,-1377.09119,110.597084],"rotationMatrix":[-0.738100231,0.674691081,0,-0.674691081,-0.738100231,0,0,0,1],"scale":0.508141458,"type":"shrub_distant_01"}
{"ctxid":0,"pos":[-1844.93103,-1372.98694,117.958092],"rotationMatrix":[-0.730360091,-0.683062315,0,0.683062315,-0.730360091,0,0,0,1],"scale":0.747717679,"type":"shrub_distant_01"}
{"ctxid":0,"pos":[-1639.62354,-1020.77899,124.202545],"rotationMatrix":[0.537774444,0.841405392,-0.0532504916,-0.791041851,0.525416493,0.3133533,0.291635841,-0.12639001,0.948142469],"scale":0.590052545,"type":"shrub_distant_01"}
{"ctxid":0,"pos":[-1613.36682,-1025.8291,114.997108],"rotationMatrix":[0.981450558,-0.00339543819,-0.191685393,-0.0613097996,0.941779077,-0.330595285,0.181647822,0.336215109,0.924101472],"scale":0.602189779,"type":"shrub_distant_01"}
{"ctxid":0,"pos":[-1640.77917,-1023.37354,124.212128],"rotationMatrix":[0.751096606,-0.58351475,-0.308811188,0.592285693,0.802207053,-0.0752428174,0.291635811,-0.126389861,0.948142469],"scale":0.624755681,"type":"shrub_distant_01"}
{"ctxid":0,"pos":[-1702.20728,-893.502808,142.694412],"rotationMatrix":[-0.0127021074,0.998322666,0.0564816743,-0.975721657,-0.0247263908,0.217612982,0.218644604,-0.0523462221,0.974399507],"scale":0.830911577,"type":"shrub_distant_01"}
{"ctxid":0,"pos":[-1653.4834,-860.342896,133.504776],"rotationMatrix":[-0.870446801,0.483421177,0.0928755254,-0.477300495,-0.874995112,0.0810386986,0.120441481,0.026210364,0.992374361],"scale":0.634435058,"type":"shrub_distant_01"}
{"ctxid":0,"pos":[-1617.3678,-844.277466,128.885269],"rotationMatrix":[0.775681376,-0.629356623,-0.0472069159,0.624068856,0.776014209,-0.0913233161,0.0941081867,0.0413774252,0.994701743],"scale":0.618389726,"type":"shrub_distant_01"}
{"ctxid":0,"pos":[-1604.3678,-832.566589,128.488968],"rotationMatrix":[0.995973706,0.0437664986,-0.0782357231,-0.0371245742,0.995738208,0.0844226927,0.0815971866,-0.0811783224,0.993353903],"scale":0.849331379,"type":"shrub_distant_01"}
{"ctxid":0,"pos":[-1609.01099,-822.304016,129.709061],"rotationMatrix":[-0.684558749,-0.728949845,-0.0033390373,0.724376261,-0.679736614,-0.115051597,0.0815971792,-0.0811783075,0.993353903],"scale":0.713139832,"type":"shrub_distant_01"}
{"ctxid":0,"pos":[-805.786377,-1130.59326,218.022949],"rotationMatrix":[-0.087736249,0.943243384,-0.320302844,-0.979556799,-0.140126824,-0.144335255,-0.18102634,0.301091433,0.936254978],"scale":0.611598849,"type":"shrub_distant_01"}
{"ctxid":0,"pos":[-805.514099,-1133.48718,219.22821],"rotationMatrix":[0.382663906,-0.834808052,0.395807743,0.912487805,0.408594429,-0.0204095095,-0.144686803,0.368979752,0.918106556],"scale":0.700757086,"type":"shrub_distant_01"}
{"ctxid":0,"pos":[-821.348999,-1119.79834,211.463882],"rotationMatrix":[-0.749603868,0.539515674,-0.38342756,-0.625378072,-0.767047882,0.143316478,-0.216785803,0.347217828,0.912383497],"scale":0.591961861,"type":"shrub_distant_01"}
{"ctxid":0,"pos":[-836.643921,-1112.59619,205.626144],"rotationMatrix":[-0.0595034361,0.901474774,-0.428722084,-0.984479487,-0.124031305,-0.124162436,-0.16510427,0.414680004,0.894863725],"scale":0.833171785,"type":"shrub_distant_01"}
{"ctxid":0,"pos":[-839.204651,-1110.34778,204.111786],"rotationMatrix":[0.91121465,0.411317825,-0.022483699,-0.377397001,0.811700881,-0.445772529,-0.165104181,0.414679706,0.894863844],"scale":0.793055177,"type":"shrub_distant_01"}
{"ctxid":0,"pos":[-844.087219,-1104.59473,200.985336],"rotationMatrix":[-0.432465076,-0.900139749,0.052170299,0.870958865,-0.402076483,0.282426327,-0.233246773,0.167577788,0.957869291],"scale":0.696531057,"type":"shrub_distant_01"}
{"ctxid":0,"pos":[-848.62677,-1098.48169,198.81044],"rotationMatrix":[-0.155375361,-0.978805602,0.133405715,0.959923685,-0.117712855,0.254340857,-0.233246744,0.167577788,0.957869291],"scale":0.529168129,"type":"shrub_distant_01"}
{"ctxid":0,"pos":[-2014.79456,-809.418274,252.458435],"rotationMatrix":[0.634599328,0.772841275,0,-0.772841275,0.634599328,0,0,0,1],"scale":0.758156896,"type":"shrub_distant_01"}
{"ctxid":0,"pos":[-1991.03662,-779.112915,246.520996],"rotationMatrix":[0.493225902,-0.86990124,0,0.86990124,0.493225902,0,0,0,1],"scale":0.93584156,"type":"shrub_distant_01"}
{"ctxid":0,"pos":[-1974.74194,-743.557068,236.450958],"rotationMatrix":[0.294274241,0.955721021,0,-0.955721021,0.294274241,0,0,0,1],"scale":0.529747605,"type":"shrub_distant_01"}
{"ctxid":0,"pos":[-1998.1759,-701.763855,219.054703],"rotationMatrix":[0.99800384,0.0631534755,0,-0.0631534755,0.99800384,0,0,0,1],"scale":0.708165526,"type":"shrub_distant_01"}
