{"ctxid":0,"pos":[1058.6897,-784.114563,171.745911],"rotationMatrix":[-0.122306347,-0.974106669,0.190150708,0.973230958,-0.0801489353,0.215400994,-0.194583148,0.211405486,0.957833529],"scale":0.943810105,"type":"shrub_distant_03"}
{"ctxid":0,"pos":[1037.41736,-582.562195,180.668015],"rotationMatrix":[-0.525505066,-0.842124641,-0.121119782,0.800441206,-0.537617326,0.265067846,-0.288336337,0.042345278,0.956592381],"scale":1.05832648,"type":"shrub_distant_03"}
{"ctxid":0,"pos":[1039.0564,-593.88092,181.753387],"rotationMatrix":[-0.0756765604,-0.99712199,-0.00454412401,0.925843894,-0.0719575882,0.370991886,-0.370251179,0.0238682479,0.928624988],"scale":1.05305862,"type":"shrub_distant_03"}
{"ctxid":0,"pos":[1032.09265,-626.950928,183.00824],"rotationMatrix":[-0.539898992,0.836685121,-0.0920153186,-0.787942111,-0.540820718,-0.294380665,-0.296067744,-0.0864331126,0.951248229],"scale":0.935614586,"type":"shrub_distant_03"}
{"ctxid":0,"pos":[1026.57898,-644.528442,179.936783],"rotationMatrix":[0.459072113,-0.8877244,-0.0346126333,0.875776768,0.445662022,0.18547304,-0.149223417,-0.115458444,0.982039571],"scale":0.753206611,"type":"shrub_distant_03"}
{"ctxid":0,"pos":[1044.74561,-657.211243,183.584015],"rotationMatrix":[0.623623967,0.733481348,0.27036643,-0.729204714,0.670457482,-0.136919752,-0.281697273,-0.111766092,0.952971637],"scale":0.883825064,"type":"shrub_distant_03"}
{"ctxid":0,"pos":[1036.26843,-561.245728,179.834122],"rotationMatrix":[0.990651906,-0.040188361,0.130359963,0.0459229015,0.998091459,-0.0412853025,-0.128451988,0.0468858741,0.990606785],"scale":0.889628172,"type":"shrub_distant_03"}
{"ctxid":0,"pos":[880.687866,-1282.09839,202.844788],"rotationMatrix":[-0.56547153,0.824693322,-0.0110671222,-0.742065907,-0.502867818,0.443240076,0.359971881,0.258852273,0.896334589],"scale":0.998584867,"type":"shrub_distant_03"}
{"ctxid":0,"pos":[876.726318,-1139.11133,195.398178],"rotationMatrix":[-0.144953251,0.974742234,0.169900656,-0.959005535,-0.180668354,0.218328461,0.24350962,-0.131288275,0.960971594],"scale":1.03874278,"type":"shrub_distant_03"}
{"ctxid":0,"pos":[866.16095,-1118.68018,196.251663],"rotationMatrix":[0.61827147,-0.783680022,-0.0598830357,0.746305406,0.609264135,-0.268002689,0.246512949,0.121007338,0.961555302],"scale":1.03767252,"type":"shrub_distant_03"}
{"ctxid":0,"pos":[863.440735,-1126.88135,197.98111],"rotationMatrix":[0.417272031,-0.908751547,0.00738673657,0.874708712,0.399409175,-0.274511933,0.24651283,0.121007383,0.961555302],"scale":1.11460686,"type":"shrub_distant_03"}
{"ctxid":0,"pos":[857.43811,-1123.69751,199.119324],"rotationMatrix":[0.552812457,0.797371149,-0.242069468,-0.796008587,0.591233015,0.129667982,0.246512964,0.121007338,0.961555302],"scale":1.18846631,"type":"shrub_distant_03"}
{"ctxid":0,"pos":[1674.4032,-881.306885,208.5979],"rotationMatrix":[0.93048954,0.113364398,0.348335713,-0.15599072,0.983006477,0.0967738926,-0.331445545,-0.144384235,0.932361007],"scale":0.740107775,"type":"shrub_distant_03"}
{"ctxid":0,"pos":[1558.20227,-818.546143,194.181625],"rotationMatrix":[0.848641992,-0.528967679,0,0.528967679,0.848641992,0,0,0,1],"scale":0.978925705,"type":"shrub_distant_03"}
{"ctxid":0,"pos":[1519.43933,-795.662781,189.459793],"rotationMatrix":[-0.97646147,0.215691939,0,-0.215691939,-0.97646147,0,0,0,1],"scale":0.753695548,"type":"shrub_distant_03"}
{"ctxid":0,"pos":[1515.72461,-786.881592,181.451874],"rotationMatrix":[-0.637042701,-0.770828485,0,0.770828485,-0.637042701,0,0,0,1],"scale":1.07859826,"type":"shrub_distant_03"}
{"ctxid":0,"pos":[1545.79944,-746.671082,197.422806],"rotationMatrix":[0.312111527,0.950045466,0,-0.950045466,0.312111527,0,0,0,1],"scale":1.08217907,"type":"shrub_distant_03"}
{"ctxid":0,"pos":[1415.59204,372.199554,208.633911],"rotationMatrix":[-0.239006877,-0.944563627,-0.225110665,0.964280248,-0.258144617,0.0593681186,-0.11418812,-0.202880397,0.972522795],"scale":0.815304875,"type":"shrub_distant_03"}
{"ctxid":0,"pos":[1432.42065,362.06424,208.53064],"rotationMatrix":[-0.0400825739,-0.973892689,-0.223441556,0.993177533,-0.0633397102,0.0979086682,-0.109505311,-0.217992693,0.969787478],"scale":0.99405551,"type":"shrub_distant_03"}
{"ctxid":0,"pos":[1441.0509,362.50705,209.604645],"rotationMatrix":[-0.723693967,-0.651326299,-0.228124976,0.681377649,-0.726810217,-0.0864363313,-0.109505326,-0.217992723,0.969787478],"scale":0.537318528,"type":"shrub_distant_03"}
{"ctxid":0,"pos":[1438.10266,367.998749,210.506195],"rotationMatrix":[0.968004346,-0.245003179,0.0542311557,0.225779012,0.944697082,0.23784706,-0.109505311,-0.217992723,0.969787478],"scale":0.514296234,"type":"shrub_distant_03"}
{"ctxid":0,"pos":[1431.87512,364.063995,208.918533],"rotationMatrix":[-0.890669823,0.454647601,0.00162590295,-0.441266,-0.863582492,-0.243945912,-0.109505318,-0.217992738,0.969787478],"scale":0.639083624,"type":"shrub_distant_03"}
{"ctxid":0,"pos":[1436.89038,386.330139,213.988831],"rotationMatrix":[-0.0732611418,-0.977554321,-0.197535783,0.984302759,-0.102761269,0.143485665,-0.160564065,-0.183923095,0.969737828],"scale":0.598527312,"type":"shrub_distant_03"}
{"ctxid":0,"pos":[1472.34058,405.618561,220.981659],"rotationMatrix":[-0.940726757,0.326756388,-0.0909054726,-0.295701414,-0.921435356,-0.252027482,-0.16611509,-0.210208088,0.963440895],"scale":0.965103924,"type":"shrub_distant_03"}
{"ctxid":0,"pos":[1477.40051,404.429504,221.594635],"rotationMatrix":[0.404458642,0.876528382,0.260980904,-0.89934361,0.433024883,-0.060584262,-0.166115046,-0.210207716,0.963440955],"scale":0.769183993,"type":"shrub_distant_03"}
{"ctxid":0,"pos":[1491.23999,394.855164,221.891861],"rotationMatrix":[-0.963375688,0.243160099,-0.113050021,-0.21050635,-0.946934819,-0.242901951,-0.166115075,-0.210208088,0.963440895],"scale":0.959376454,"type":"shrub_distant_03"}
{"ctxid":0,"pos":[1508.02991,401.469574,226.084839],"rotationMatrix":[0.671538532,0.686681926,0.278394997,-0.730446517,0.676595211,0.0930951834,-0.12443389,-0.265869677,0.9559443],"scale":0.731306791,"type":"shrub_distant_03"}
{"ctxid":0,"pos":[1510.05444,403.036407,226.784134],"rotationMatrix":[-0.982271194,-0.103131711,-0.156544179,0.140208527,-0.958475828,-0.248323157,-0.124433905,-0.265869647,0.9559443],"scale":0.615670741,"type":"shrub_distant_03"}
{"ctxid":0,"pos":[1525.08789,397.785583,227.28067],"rotationMatrix":[-0.230926871,0.944735944,0.232692972,-0.9649809,-0.191798329,-0.178953737,-0.12443389,-0.265869647,0.9559443],"scale":0.592995405,"type":"shrub_distant_03"}
{"ctxid":0,"pos":[1533.67017,395.249207,228.367645],"rotationMatrix":[0.859220624,-0.508957922,0.0519779176,0.474796921,0.831116259,0.28950575,-0.190545961,-0.22407034,0.955763936],"scale":0.69502914,"type":"shrub_distant_03"}
{"ctxid":0,"pos":[1541.55383,391.47525,229.010498],"rotationMatrix":[-0.638660073,0.766628981,0.0662833005,-0.750657797,-0.601774693,-0.272727311,-0.169193029,-0.223936096,0.959805369],"scale":0.59103936,"type":"shrub_distant_03"}
{"ctxid":0,"pos":[1532.57727,390.575531,227.054047],"rotationMatrix":[-0.815719485,0.577808976,-0.0271638855,-0.546162367,-0.784811258,-0.292877793,-0.190545976,-0.224070325,0.955763936],"scale":0.620512009,"type":"shrub_distant_03"}
{"ctxid":0,"pos":[1510.97717,405.200317,227.385376],"rotationMatrix":[0.519098282,0.82162416,0.235522047,-0.835463762,0.545916319,-0.0630523413,-0.180380657,-0.164039776,0.969821513],"scale":0.6429708,"type":"shrub_distant_03"}
{"ctxid":0,"pos":[1507.12561,404.619995,226.570862],"rotationMatrix":[0.171433747,-0.9761464,-0.13322401,0.968541801,0.14222908,0.204199895,-0.180380672,-0.164039776,0.969821513],"scale":0.604842424,"type":"shrub_distant_03"}
{"ctxid":0,"pos":[1495.63794,408.932373,225.587387],"rotationMatrix":[-0.526564479,-0.811828196,-0.252319962,0.834487975,-0.550264835,0.0289662778,-0.162358359,-0.195305318,0.967210233],"scale":0.77754724,"type":"shrub_distant_03"}
{"ctxid":0,"pos":[1486.74219,416.278015,225.577408],"rotationMatrix":[-0.1530689,-0.963364542,-0.220223233,0.974786818,-0.18380487,0.126514912,-0.16235815,-0.195305198,0.967210293],"scale":0.575769067,"type":"shrub_distant_03"}
{"ctxid":0,"pos":[1518.49341,392.14212,224.852692],"rotationMatrix":[-0.695764303,-0.663498938,-0.275100738,0.707408965,-0.699343681,-0.102420941,-0.124433897,-0.265869677,0.9559443],"scale":0.604071856,"type":"shrub_distant_03"}
{"ctxid":0,"pos":[1497.19141,389.854218,221.594269],"rotationMatrix":[0.641912222,-0.755953968,-0.12838316,0.758682311,0.601902902,0.249227062,-0.111129999,-0.257383943,0.959897697],"scale":0.59726572,"type":"shrub_distant_03"}
{"ctxid":0,"pos":[1498.62585,397.625854,223.769836],"rotationMatrix":[0.626100421,0.732335865,0.267735749,-0.761842549,0.647685647,0.00995926559,-0.166115075,-0.210207984,0.963440895],"scale":0.645696938,"type":"shrub_distant_03"}
{"ctxid":0,"pos":[1518.57654,385.835663,223.15155],"rotationMatrix":[-0.907762408,0.410853088,-0.0846553519,-0.373709798,-0.883737326,-0.281689107,-0.190545976,-0.224070325,0.955763936],"scale":0.85828042,"type":"shrub_distant_03"}
{"ctxid":0,"pos":[1509.00574,368.550476,218.557205],"rotationMatrix":[-0.583856702,-0.78880322,-0.192094892,0.80267489,-0.596346736,0.00912638754,-0.121754117,-0.148861229,0.981333911],"scale":0.736290932,"type":"shrub_distant_03"}
{"ctxid":0,"pos":[1501.62598,382.694183,220.187836],"rotationMatrix":[-0.952571273,-0.247750327,-0.176712871,0.283298045,-0.934009075,-0.217644125,-0.111130051,-0.257384002,0.959897697],"scale":0.885577202,"type":"shrub_distant_03"}
{"ctxid":0,"pos":[1522.5365,382.835419,223.237671],"rotationMatrix":[0.908712626,-0.408598423,0.0853732675,0.371394038,0.884782314,0.281472325,-0.190545931,-0.224070311,0.955763936],"scale":0.881129265,"type":"shrub_distant_03"}
{"ctxid":0,"pos":[1526.96252,378.136383,223.185669],"rotationMatrix":[0.262115955,-0.95913434,-0.10656634,0.94510448,0.232804775,0.229301929,-0.195122242,-0.160820007,0.967504144],"scale":0.713646531,"type":"shrub_distant_03"}
{"ctxid":0,"pos":[1531.5896,380.46817,224.506409],"rotationMatrix":[-0.96748209,0.19344525,-0.162963122,-0.160951331,-0.967840672,-0.193335995,-0.195122302,-0.160820022,0.967504084],"scale":0.930406809,"type":"shrub_distant_03"}
{"ctxid":0,"pos":[1552.45679,204.758438,197.563568],"rotationMatrix":[-0.900103211,0.419352025,0.11814186,-0.43432495,-0.842352033,-0.319068074,-0.0342848115,-0.338506281,0.940339327],"scale":0.722249627,"type":"shrub_distant_03"}
{"ctxid":0,"pos":[1549.35168,199.5298,195.5672],"rotationMatrix":[-0.596310735,0.76833874,0.232526779,-0.799128115,-0.540670991,-0.262809187,-0.0762059689,-0.342534691,0.936409414],"scale":0.588448584,"type":"shrub_distant_03"}
{"ctxid":0,"pos":[1505.71069,160.086746,186.095032],"rotationMatrix":[-0.984480619,-0.15732336,-0.0777607933,0.152883083,-0.98641336,0.0601255856,-0.0861634538,0.0473041795,0.995157361],"scale":0.569375157,"type":"shrub_distant_03"}
{"ctxid":0,"pos":[1515.99072,166.550003,187.15686],"rotationMatrix":[-0.79925251,0.57224685,-0.183650881,-0.564121068,-0.819718599,-0.0991345048,-0.207271576,0.0243678093,0.977979898],"scale":0.949206352,"type":"shrub_distant_03"}
{"ctxid":0,"pos":[1506.34741,167.394043,185.802826],"rotationMatrix":[-0.914176583,-0.400835454,-0.0600984804,0.396051466,-0.914927959,0.0777817369,-0.0861634612,0.0473041646,0.995157361],"scale":0.677926779,"type":"shrub_distant_03"}
{"ctxid":0,"pos":[1521.96008,177.506683,188.149002],"rotationMatrix":[0.634691,-0.757390022,0.153386936,0.744449973,0.652507782,0.141519442,-0.207271591,0.0243678205,0.977979898],"scale":0.519018352,"type":"shrub_distant_03"}
{"ctxid":0,"pos":[1523.11658,168.522141,188.617981],"rotationMatrix":[0.94798702,0.251865298,0.194639325,-0.241576269,0.967455447,-0.0753049031,-0.207271576,0.0243678112,0.977979898],"scale":0.951911271,"type":"shrub_distant_03"}
{"ctxid":0,"pos":[1474.0304,144.243713,184.086792],"rotationMatrix":[-0.948475599,-0.31078133,-0.061707668,0.302418977,-0.946050525,0.116319388,-0.0945285037,0.0916645974,0.991293073],"scale":0.529984057,"type":"shrub_distant_03"}
{"ctxid":0,"pos":[1466.81628,142.584015,183.52211],"rotationMatrix":[0.170260072,0.982539833,-0.0750137568,-0.979522765,0.160452306,-0.121615596,-0.107456028,0.094183974,0.989738643],"scale":0.605850339,"type":"shrub_distant_03"}
{"ctxid":0,"pos":[1460.32202,140.95784,182.971771],"rotationMatrix":[0.788643599,0.614250004,0.0271708071,-0.605387866,0.78347069,-0.140282422,-0.107456014,0.0941839516,0.989738643],"scale":0.758731246,"type":"shrub_distant_03"}
{"ctxid":0,"pos":[1877.20337,107.100174,264.942749],"rotationMatrix":[0.343297005,0.899209321,0.271236897,-0.921438992,0.3783831,-0.0881827176,-0.181926161,-0.219655454,0.958464563],"scale":0.629628956,"type":"shrub_distant_03"}
{"ctxid":0,"pos":[1876.43823,115.976929,266.831818],"rotationMatrix":[-0.224521399,0.958260655,0.176992312,-0.957336187,-0.182996273,-0.223650128,-0.181926176,-0.219655454,0.958464563],"scale":0.638334095,"type":"shrub_distant_03"}
{"ctxid":0,"pos":[1861.31799,114.800026,263.100128],"rotationMatrix":[0.966180146,0.0453150049,0.253855109,-0.093921788,0.978658974,0.182771266,-0.24015528,-0.200432509,0.949816942],"scale":0.700855255,"type":"shrub_distant_03"}
{"ctxid":0,"pos":[1884.64062,117.558273,268.751099],"rotationMatrix":[0.338204861,-0.929239929,-0.148763269,0.923320234,0.297093451,0.243341565,-0.181926131,-0.219655424,0.958464563],"scale":0.904081762,"type":"shrub_distant_03"}
{"ctxid":0,"pos":[1891.79749,125.946037,272.151978],"rotationMatrix":[-0.967176199,0.1929418,-0.165357843,-0.145697042,-0.954220772,-0.261217564,-0.208187714,-0.228551313,0.951011121],"scale":0.928214371,"type":"shrub_distant_03"}
{"ctxid":0,"pos":[1930.01392,143.35437,283.890442],"rotationMatrix":[0.719147027,0.630582631,0.291878402,-0.662608922,0.748819232,0.0148036703,-0.209229216,-0.204047292,0.956340849],"scale":0.631500423,"type":"shrub_distant_03"}
{"ctxid":0,"pos":[1914.30359,129.481842,277.719177],"rotationMatrix":[-0.95903182,0.248096526,-0.136769712,-0.21159029,-0.948306322,-0.23652643,-0.188380957,-0.197897255,0.961950779],"scale":0.958100617,"type":"shrub_distant_03"}
{"ctxid":0,"pos":[1926.86707,137.487106,281.950104],"rotationMatrix":[-0.906854033,-0.325396657,-0.267829865,0.365840077,-0.923299432,-0.116958618,-0.209229216,-0.204047292,0.956340849],"scale":0.690513015,"type":"shrub_distant_03"}
{"ctxid":0,"pos":[1918.6283,123.945755,277.427185],"rotationMatrix":[-0.15724349,0.972929001,0.169362232,-0.969426155,-0.119355917,-0.214399353,-0.188380972,-0.197897092,0.961950779],"scale":0.6114676,"type":"shrub_distant_03"}
{"ctxid":0,"pos":[1913.15332,146.164627,280.925964],"rotationMatrix":[-0.940780878,0.317470074,-0.118923783,-0.281855881,-0.927387953,-0.245983332,-0.188380927,-0.197897196,0.961950779],"scale":0.57430321,"type":"shrub_distant_03"}
{"ctxid":0,"pos":[1907.61353,144.504639,279.499634],"rotationMatrix":[0.937447131,0.255743474,0.236195102,-0.292754978,0.946272671,0.137340948,-0.188380912,-0.197897181,0.961950779],"scale":0.738295078,"type":"shrub_distant_03"}
{"ctxid":0,"pos":[1906.26892,139.455887,278.197632],"rotationMatrix":[0.960591495,-0.240978792,0.138539404,0.204393163,0.95013994,0.235494167,-0.188380927,-0.197897166,0.961950779],"scale":0.957031369,"type":"shrub_distant_03"}
{"ctxid":0,"pos":[1877.25183,4.38386917,239.914276],"rotationMatrix":[0.374368668,-0.921759248,-0.101034373,0.908275247,0.342566431,0.24017559,-0.186773092,-0.181681231,0.965457261],"scale":0.966316044,"type":"shrub_distant_03"}
{"ctxid":0,"pos":[1883.87366,-9.02346611,238.672272],"rotationMatrix":[0.422200978,0.872521937,0.245869592,-0.887052476,0.453538835,-0.0862576962,-0.186773136,-0.181681156,0.965457261],"scale":0.866170645,"type":"shrub_distant_03"}
{"ctxid":0,"pos":[1878.46545,-16.1742668,235.961914],"rotationMatrix":[-0.671626568,0.740506172,0.0238321573,-0.722663164,-0.647674084,-0.241403863,-0.163325593,-0.179355934,0.970132053],"scale":0.747021556,"type":"shrub_distant_03"}
{"ctxid":0,"pos":[1874.81458,8.91924858,239.960144],"rotationMatrix":[-0.756769538,-0.604606688,-0.248495758,0.607971489,-0.790666461,0.0722263753,-0.240145892,-0.0964196324,0.965936422],"scale":0.792246699,"type":"shrub_distant_03"}
{"ctxid":0,"pos":[1875.56055,-11.831296,236.332489],"rotationMatrix":[0.974810243,-0.111655802,0.193074986,0.0608213656,0.965937734,0.251525372,-0.214582697,-0.233446434,0.9483971],"scale":0.817659974,"type":"shrub_distant_03"}
{"ctxid":0,"pos":[1880.59937,-0.816072464,239.583328],"rotationMatrix":[-0.477625608,0.875578105,0.0723682046,-0.858481228,-0.447610736,-0.250310063,-0.186773211,-0.181681201,0.965457261],"scale":0.605215847,"type":"shrub_distant_03"}
{"ctxid":0,"pos":[1957.12415,126.649414,285.796326],"rotationMatrix":[0.309736371,0.906855941,0.285789788,-0.934633255,0.34561342,-0.0837389082,-0.174711943,-0.241171613,0.95462662],"scale":0.574639678,"type":"shrub_distant_03"}
{"ctxid":0,"pos":[1951.12439,116.811569,282.21286],"rotationMatrix":[0.695616364,-0.716405153,-0.0536797531,0.696845412,0.654675484,0.292927414,-0.174711898,-0.241171613,0.95462662],"scale":0.69430232,"type":"shrub_distant_03"}
{"ctxid":0,"pos":[1966.49866,122.789177,286.536743],"rotationMatrix":[0.164302289,0.948803902,0.269770503,-0.970814466,0.203979492,-0.126142308,-0.174711972,-0.241171584,0.95462662],"scale":0.971042752,"type":"shrub_distant_03"}
{"ctxid":0,"pos":[1969.57593,141.837006,291.787231],"rotationMatrix":[0.764339566,-0.644696832,0.0122839585,0.614954114,0.734542668,0.286841929,-0.193949223,-0.211690545,0.957899153],"scale":0.722961426,"type":"shrub_distant_03"}
{"ctxid":0,"pos":[1947.10156,142.708633,287.429382],"rotationMatrix":[0.886011839,0.381387651,0.26367861,-0.421149194,0.899850249,0.113590471,-0.193949237,-0.211690545,0.957899153],"scale":0.973526001,"type":"shrub_distant_03"}
{"ctxid":0,"pos":[1916.0387,160.911575,284.578979],"rotationMatrix":[-0.442888141,0.891702712,0.0933604091,-0.871821702,-0.404018283,-0.276940405,-0.209229216,-0.204047292,0.956340849],"scale":0.660860121,"type":"shrub_distant_03"}
{"ctxid":0,"pos":[1915.89844,168.254211,286.114899],"rotationMatrix":[-0.964211106,-0.119819783,-0.236516163,0.162849039,-0.971600533,-0.171674892,-0.209229216,-0.204047307,0.956340849],"scale":0.609063089,"type":"shrub_distant_03"}
{"ctxid":0,"pos":[1927.7616,159.793274,286.905121],"rotationMatrix":[-0.928795338,-0.264448732,-0.259626269,0.305879146,-0.942566276,-0.134187788,-0.209229216,-0.204047292,0.956340849],"scale":0.989427924,"type":"shrub_distant_03"}
{"ctxid":0,"pos":[1921.87402,162.964111,286.293549],"rotationMatrix":[0.752561986,-0.658075154,0.0242376849,0.62439853,0.724777043,0.291246772,-0.209229201,-0.204047263,0.956340849],"scale":0.85792923,"type":"shrub_distant_03"}
{"ctxid":0,"pos":[1925.36584,168.059204,288.144592],"rotationMatrix":[0.362537563,0.892104805,0.269658059,-0.908179224,0.403129816,-0.112679601,-0.209229201,-0.204047292,0.956340849],"scale":1.00330997,"type":"shrub_distant_03"}
{"ctxid":0,"pos":[1906.9408,184.978104,287.470703],"rotationMatrix":[0.500493705,0.86574018,0,-0.86574018,0.500493705,0,0,0,1],"scale":0.980648398,"type":"shrub_distant_03"}
{"ctxid":0,"pos":[1861.64917,-126.200493,211.271973],"rotationMatrix":[0.909543693,0.189205214,0.370042771,-0.087596789,0.957635581,-0.274337262,-0.406272143,0.217107177,0.887585163],"scale":0.717867732,"type":"shrub_distant_03"}
{"ctxid":0,"pos":[1872.40576,-118.773315,214.576538],"rotationMatrix":[-0.793777347,0.335202187,-0.507500291,-0.441400796,-0.891547561,0.101527534,-0.41842851,0.304601341,0.855649233],"scale":0.881646991,"type":"shrub_distant_03"}
{"ctxid":0,"pos":[1874.93298,-126.990822,218.388123],"rotationMatrix":[-0.0340189934,0.978227317,-0.204729289,-0.885077178,-0.124633312,-0.448447227,-0.464199394,0.165945485,0.870046556],"scale":0.948788881,"type":"shrub_distant_03"}
{"ctxid":0,"pos":[1867.61938,-130.244431,215.106659],"rotationMatrix":[0.828760624,-0.26522553,0.492758781,0.312529564,0.949798703,-0.0144114122,-0.464199394,0.165945321,0.870046616],"scale":0.904434919,"type":"shrub_distant_03"}
{"ctxid":0,"pos":[1874.45557,-128.874084,218.49263],"rotationMatrix":[0.569234848,-0.69668144,0.436585158,0.67859453,0.697923422,0.228937298,-0.464199394,0.165945292,0.870046616],"scale":0.656720161,"type":"shrub_distant_03"}
{"ctxid":0,"pos":[1869.78528,-128.61232,215.950928],"rotationMatrix":[-0.555479288,-0.819654465,-0.140033156,0.689899564,-0.548296094,0.472662508,-0.464199573,0.165945455,0.870046496],"scale":0.998424292,"type":"shrub_distant_03"}
{"ctxid":0,"pos":[1822.74353,-129.905777,197.267349],"rotationMatrix":[0.757473171,-0.588051677,0.283601016,0.597153187,0.799639583,0.0631235614,-0.263898522,0.121538855,0.956862509],"scale":0.982284784,"type":"shrub_distant_03"}
{"ctxid":0,"pos":[1809.47229,-125.063095,196.871399],"rotationMatrix":[0.605277896,-0.786233425,-0.12440113,0.788422346,0.57060647,0.229778886,-0.109675758,-0.237160712,0.965259552],"scale":0.559190929,"type":"shrub_distant_03"}
{"ctxid":0,"pos":[1820.31458,-132.661789,196.94751],"rotationMatrix":[0.774955392,-0.563927948,0.285358369,0.574283659,0.81683141,0.0546325669,-0.263898492,0.12153884,0.956862509],"scale":0.831108689,"type":"shrub_distant_03"}
{"ctxid":0,"pos":[1920.54968,-195.45105,239.763763],"rotationMatrix":[0.272939265,-0.92699194,-0.25727421,0.961919069,0.258884668,0.0876943916,-0.0146876723,-0.271412253,0.962351084],"scale":0.615572274,"type":"shrub_distant_03"}
{"ctxid":0,"pos":[1901.95374,-192.024673,238.077759],"rotationMatrix":[-0.0203619003,0.98059994,0.194959313,-0.986627042,0.0118333697,-0.162564069,-0.161717355,-0.19566223,0.96724546],"scale":0.509071231,"type":"shrub_distant_03"}
{"ctxid":0,"pos":[1918.89819,-183.57254,242.409088],"rotationMatrix":[0.175962627,-0.984157085,0.0217195526,0.970900536,0.177148938,0.161152691,-0.162447184,-0.00726929307,0.986690462],"scale":0.832436681,"type":"shrub_distant_03"}
{"ctxid":0,"pos":[1916.16174,-181.149734,241.97641],"rotationMatrix":[0.965437055,0.205386236,0.160461217,-0.203819081,0.978654027,-0.0263463669,-0.162447184,-0.00726930052,0.986690462],"scale":0.970521927,"type":"shrub_distant_03"}
{"ctxid":0,"pos":[1898.89148,-151.670822,235.38916],"rotationMatrix":[0.764820814,-0.543951929,0.34520331,0.525463879,0.836716413,0.154250622,-0.372742206,0.0634178147,0.925765276],"scale":0.777011514,"type":"shrub_distant_03"}
{"ctxid":0,"pos":[1905.40918,-172.385757,240.270691],"rotationMatrix":[-0.412353754,-0.907965839,-0.0745786205,0.896423399,-0.418980598,0.144498989,-0.162447184,-0.00726929307,0.986690462],"scale":0.503190756,"type":"shrub_distant_03"}
{"ctxid":0,"pos":[1895.11829,-180.06929,238.519806],"rotationMatrix":[-0.831546545,-0.537296593,-0.140863016,0.531169355,-0.843361855,0.0812375695,-0.162447199,-0.0072692968,0.986690462],"scale":0.771251082,"type":"shrub_distant_03"}
{"ctxid":0,"pos":[1900.12952,-169.723785,239.282654],"rotationMatrix":[0.00330275297,0.978330851,-0.207021505,-0.967027426,-0.0495940447,-0.249796629,-0.254650772,0.201020509,0.945908964],"scale":0.969153285,"type":"shrub_distant_03"}
{"ctxid":0,"pos":[1900.58655,-183.11412,239.368607],"rotationMatrix":[-0.972816944,0.178113684,-0.147996798,-0.156161889,-0.976474762,-0.148696423,-0.170999989,-0.121542908,0.977745533],"scale":0.884660304,"type":"shrub_distant_03"}
{"ctxid":0,"pos":[1893.35693,-192.828415,236.477844],"rotationMatrix":[-0.831027985,-0.501593351,-0.240409017,0.53220284,-0.842686296,-0.0814844444,-0.161717355,-0.19566223,0.96724546],"scale":0.811490297,"type":"shrub_distant_03"}
{"ctxid":0,"pos":[1863.72375,-194.843018,230.823242],"rotationMatrix":[0.104179084,-0.975938857,-0.191546395,0.978232205,0.0657970905,0.196805388,-0.179466829,-0.207879871,0.96154958],"scale":0.818926454,"type":"shrub_distant_03"}
{"ctxid":0,"pos":[1869.77881,-191.866318,232.596924],"rotationMatrix":[0.809483409,-0.586641431,0.024257198,0.559042215,0.782711864,0.273557842,-0.179466754,-0.207879722,0.96154964],"scale":0.820973277,"type":"shrub_distant_03"}
{"ctxid":0,"pos":[1865.90771,-200.732346,229.957642],"rotationMatrix":[-0.983326912,0.00878010597,-0.181633353,0.0293154083,-0.978114724,-0.205989629,-0.179466903,-0.207879841,0.96154958],"scale":0.92708838,"type":"shrub_distant_03"}
{"ctxid":0,"pos":[1882.68359,-194.368835,234.381714],"rotationMatrix":[0.678523779,-0.733744979,-0.0349829867,0.716556311,0.65064168,0.251420766,-0.161717325,-0.19566223,0.96724546],"scale":0.727095008,"type":"shrub_distant_03"}
{"ctxid":0,"pos":[1870.77625,-199.47963,231.136261],"rotationMatrix":[-0.915948749,-0.325321555,-0.234954461,0.362650216,-0.921721339,-0.137529477,-0.171821252,-0.211176261,0.962227643],"scale":0.666406393,"type":"shrub_distant_03"}
{"ctxid":0,"pos":[1877.76318,-211.20166,229.81131],"rotationMatrix":[-0.760072231,-0.592966259,-0.265859127,0.626711667,-0.777042747,-0.0586250275,-0.171821281,-0.211176291,0.962227643],"scale":0.586444855,"type":"shrub_distant_03"}
{"ctxid":0,"pos":[1870.86731,-201.469101,230.715912],"rotationMatrix":[0.0137501359,-0.977172434,-0.212000921,0.985031903,-0.0231955051,0.170802668,-0.171821252,-0.211176232,0.962227643],"scale":0.759515107,"type":"shrub_distant_03"}
{"ctxid":0,"pos":[1877.59229,-205.241364,231.088882],"rotationMatrix":[0.703889012,0.657039106,0.26988852,-0.689215243,0.723674059,0.0357513353,-0.171821252,-0.211176276,0.962227643],"scale":0.586482704,"type":"shrub_distant_03"}
{"ctxid":0,"pos":[1880.37085,-201.791077,232.342255],"rotationMatrix":[0.0328503251,-0.977438629,-0.208648652,0.9845801,-0.00424075127,0.17488195,-0.171821266,-0.211176261,0.962227643],"scale":0.949666619,"type":"shrub_distant_03"}
{"ctxid":0,"pos":[1873.3009,-206.486267,230.049377],"rotationMatrix":[-0.326419115,-0.909371495,-0.257863641,0.929477096,-0.358395934,0.0873173699,-0.171821281,-0.211176276,0.962227643],"scale":0.91594851,"type":"shrub_distant_03"}
{"ctxid":0,"pos":[1850.93652,-221.541779,221.932129],"rotationMatrix":[-0.789195776,0.613963962,0.0147637725,-0.584936738,-0.744124413,-0.322688073,-0.187132761,-0.263299972,0.946390212],"scale":0.711327672,"type":"shrub_distant_03"}
{"ctxid":0,"pos":[1860.14124,-218.039185,224.726685],"rotationMatrix":[-0.828352332,-0.475559235,-0.296100527,0.528027892,-0.839354634,-0.129112452,-0.187132761,-0.263299972,0.946390212],"scale":0.982882559,"type":"shrub_distant_03"}
{"ctxid":0,"pos":[1866.48767,-233.635742,221.599731],"rotationMatrix":[0.454613149,0.833833933,0.313125879,-0.874747992,0.484191179,-0.0193631127,-0.167758405,-0.265103519,0.94951421],"scale":0.95400393,"type":"shrub_distant_03"}
{"ctxid":0,"pos":[1863.60474,-249.426559,216.468719],"rotationMatrix":[-0.850885987,-0.472788274,-0.229049742,0.516049922,-0.833872318,-0.195829034,-0.0984126031,-0.284829348,0.953513086],"scale":0.674269795,"type":"shrub_distant_03"}
{"ctxid":0,"pos":[1846.99402,-241.575333,216.099869],"rotationMatrix":[0.503968,-0.855185211,-0.12113817,0.846682012,0.461420596,0.264991373,-0.170721099,-0.236112684,0.956611276],"scale":0.953949571,"type":"shrub_distant_03"}
{"ctxid":0,"pos":[1841.48315,-250.73584,212.855347],"rotationMatrix":[-0.976754189,0.168288872,-0.1327786,-0.129636303,-0.957042098,-0.259354651,-0.170721218,-0.236112818,0.956611216],"scale":0.662880063,"type":"shrub_distant_03"}
{"ctxid":0,"pos":[1852.87927,-259.100555,212.471954],"rotationMatrix":[0.550152659,0.782856464,0.290633082,-0.829244733,0.553179741,0.079656601,-0.0984126478,-0.284829289,0.953513086],"scale":0.883856654,"type":"shrub_distant_03"}
{"ctxid":0,"pos":[1842.94263,-267.761749,208.859161],"rotationMatrix":[-0.0980453491,0.956277907,0.275535852,-0.990304172,-0.0663713217,-0.122035995,-0.0984126925,-0.284829319,0.953513086],"scale":0.769377351,"type":"shrub_distant_03"}
{"ctxid":0,"pos":[1845.75854,-260.362427,211.24231],"rotationMatrix":[-0.900621891,0.431198418,-0.0542997979,-0.399668336,-0.870815158,-0.286263049,-0.170721233,-0.236112818,0.956611216],"scale":0.559020698,"type":"shrub_distant_03"}
{"ctxid":0,"pos":[1838.41931,-266.975006,208.300385],"rotationMatrix":[-0.40618968,-0.867664516,-0.286649227,0.897699177,-0.437502742,0.052222006,-0.170721054,-0.236112744,0.956611216],"scale":0.819171607,"type":"shrub_distant_03"}
{"ctxid":0,"pos":[1839.81201,-293.130066,201.375702],"rotationMatrix":[0.996861696,-0.0559812188,0.0559717417,0.0410976857,0.970275819,0.238486588,-0.0676587969,-0.23543784,0.969531476],"scale":0.816027403,"type":"shrub_distant_03"}
{"ctxid":0,"pos":[1841.43823,-287.938202,202.749954],"rotationMatrix":[0.172329724,-0.959910214,-0.221075475,0.982712686,0.152121425,0.105519272,-0.0676587895,-0.23543784,0.969531476],"scale":0.934786916,"type":"shrub_distant_03"}
{"ctxid":0,"pos":[1842.18335,-223.197311,219.777435],"rotationMatrix":[-0.935232043,0.344433367,-0.0818920434,-0.310153067,-0.908634186,-0.279622376,-0.170721203,-0.236112773,0.956611216],"scale":0.789661586,"type":"shrub_distant_03"}
{"ctxid":0,"pos":[1847.7489,-203.404877,225.990631],"rotationMatrix":[-0.356929302,-0.897057414,-0.260555655,0.91672945,-0.389966369,0.0867936313,-0.179466844,-0.207879841,0.96154958],"scale":0.916003346,"type":"shrub_distant_03"}
{"ctxid":0,"pos":[1831.27136,-204.298035,222.722137],"rotationMatrix":[0.752784193,0.600226462,0.270266682,-0.633330524,0.772343278,0.04876782,-0.179466903,-0.207879797,0.96154958],"scale":0.687756479,"type":"shrub_distant_03"}
{"ctxid":0,"pos":[1826.27881,-213.637512,219.298599],"rotationMatrix":[-0.899284005,-0.359423697,-0.249204069,0.402669013,-0.90280962,-0.150971204,-0.170721203,-0.236112773,0.956611216],"scale":0.89823401,"type":"shrub_distant_03"}
{"ctxid":0,"pos":[1819.70569,-213.010986,218.280182],"rotationMatrix":[0.745291948,0.604111195,0.282116145,-0.644510746,0.761117876,0.0728383064,-0.170721203,-0.236112714,0.956611216],"scale":0.673143029,"type":"shrub_distant_03"}
{"ctxid":0,"pos":[1837.71558,-191.80777,225.632538],"rotationMatrix":[0.152161539,-0.988247275,0.014629893,0.963313937,0.151600957,0.221457362,-0.221072555,-0.0196040943,0.975060284],"scale":0.526827991,"type":"shrub_distant_03"}
{"ctxid":0,"pos":[1826.93604,-194.560364,223.133179],"rotationMatrix":[0.242335916,-0.969544351,0.0354509428,0.944669187,0.24412936,0.219090536,-0.221072644,-0.0196040571,0.975060284],"scale":1.00520885,"type":"shrub_distant_03"}
{"ctxid":0,"pos":[1843.29333,-201.697876,225.528091],"rotationMatrix":[0.875740588,0.411369026,0.252693206,-0.44811362,0.887381017,0.108393118,-0.179645568,-0.208159551,0.961455703],"scale":0.744565368,"type":"shrub_distant_03"}
{"ctxid":0,"pos":[1623.06494,-78.5210342,199.30542],"rotationMatrix":[0.260907114,-0.96536392,0,0.96536392,0.260907114,0,0,0,1],"scale":0.525628507,"type":"shrub_distant_03"}
{"ctxid":0,"pos":[1637.51294,-91.3558884,194.986023],"rotationMatrix":[0.462111622,0.886821747,0,-0.886821747,0.462111622,0,0,0,1],"scale":0.574316144,"type":"shrub_distant_03"}
{"ctxid":0,"pos":[938.399048,992.549683,127.156242],"rotationMatrix":[-0.837006927,0.547192276,0,-0.547192276,-0.837006927,0,0,0,1],"scale":0.634056687,"type":"shrub_distant_03"}
{"ctxid":0,"pos":[934.773743,997.00647,122.733887],"rotationMatrix":[-0.277554452,0.960709929,0,-0.960709929,-0.277554452,0,0,0,1],"scale":0.89306289,"type":"shrub_distant_03"}
{"ctxid":0,"pos":[896.094604,995.005127,123.824341],"rotationMatrix":[-0.868694186,0.495348752,0,-0.495348752,-0.868694186,0,0,0,1],"scale":0.628115952,"type":"shrub_distant_03"}
{"ctxid":0,"pos":[964.592163,983.811951,133.722],"rotationMatrix":[-0.12799482,0.991774857,0,-0.991774857,-0.12799482,0,0,0,1],"scale":0.543794036,"type":"shrub_distant_03"}
{"ctxid":0,"pos":[1489.51721,-212.316193,175.535645],"rotationMatrix":[0.999984264,-0.00560979359,0,0.00560979359,0.999984264,0,0,0,1],"scale":0.938832462,"type":"shrub_distant_03"}
{"ctxid":0,"pos":[1479.99756,-217.975861,175.618835],"rotationMatrix":[0.0380535759,-0.999275684,0,0.999275684,0.0380535759,0,0,0,1],"scale":0.83798641,"type":"shrub_distant_03"}
{"ctxid":0,"pos":[1049.51001,-750.572815,169.889069],"rotationMatrix":[0.669770598,-0.740118921,-0.0602608919,0.740925968,0.660691261,0.120481282,-0.0493566319,-0.12534368,0.9908849],"scale":0.893568635,"type":"shrub_distant_03"}
{"ctxid":0,"pos":[1038.51746,-752.342041,169.46666],"rotationMatrix":[0.67421031,0.736758471,-0.0512577295,-0.735509872,0.676105499,0.0436635539,0.0668251291,0.00826214813,0.997730494],"scale":0.804079056,"type":"shrub_distant_03"}
{"ctxid":0,"pos":[1056.20557,-748.857239,170.705429],"rotationMatrix":[-0.218425751,-0.940467656,-0.260405242,0.969322264,-0.23991847,0.0534189269,-0.112714782,-0.240748525,0.964020491],"scale":0.671799302,"type":"shrub_distant_03"}
{"ctxid":0,"pos":[1046.60901,-737.516235,170.962753],"rotationMatrix":[-0.665505648,0.730347216,-0.153934404,-0.696318567,-0.681777954,-0.224320918,-0.268781185,-0.0420994088,0.96228081],"scale":0.87037158,"type":"shrub_distant_03"}
{"ctxid":0,"pos":[1035.10693,-756.854492,169.031082],"rotationMatrix":[0.923708618,-0.364664853,0.117396414,0.358290076,0.930812418,0.0722247958,-0.135611892,-0.0246526916,0.99045527],"scale":0.641337991,"type":"shrub_distant_03"}
{"ctxid":0,"pos":[1037.91455,-724.182556,170.618835],"rotationMatrix":[0.534928441,-0.823166192,-0.190391257,0.813022673,0.440196514,0.381078839,-0.229881719,-0.35864234,0.904726505],"scale":0.78403616,"type":"shrub_distant_03"}
{"ctxid":0,"pos":[1041.84167,-721.499512,172.680252],"rotationMatrix":[0.595879436,-0.786868751,-0.160515562,0.769468725,0.502208292,0.394594371,-0.229881749,-0.35864234,0.904726505],"scale":0.709267378,"type":"shrub_distant_03"}
{"ctxid":0,"pos":[1944.18884,-503.305267,234.630219],"rotationMatrix":[-0.789137363,-0.614216805,0,0.614216805,-0.789137363,0,0,0,1],"scale":0.722899914,"type":"shrub_distant_03"}
{"ctxid":0,"pos":[1912.7533,-467.001587,219.457687],"rotationMatrix":[-0.211164773,-0.97745049,0,0.97745049,-0.211164773,0,0,0,1],"scale":0.650751293,"type":"shrub_distant_03"}
{"ctxid":0,"pos":[1868.96484,-464.4216,218.063065],"rotationMatrix":[-0.965910554,-0.258876026,0,0.258876026,-0.965910554,0,0,0,1],"scale":0.950103164,"type":"shrub_distant_03"}
{"ctxid":0,"pos":[1841.77197,-464.122437,219.661774],"rotationMatrix":[0.475412369,-0.879763067,0,0.879763067,0.475412369,0,0,0,1],"scale":0.553312123,"type":"shrub_distant_03"}
{"ctxid":0,"pos":[1863.49402,-440.248077,207.412048],"rotationMatrix":[0.989631891,0.143626839,0,-0.143626839,0.989631891,0,0,0,1],"scale":0.906016409,"type":"shrub_distant_03"}
{"ctxid":0,"pos":[1853.55017,-422.982147,197.869843],"rotationMatrix":[-0.4784033,0.878140211,0,-0.878140211,-0.4784033,0,0,0,1],"scale":0.691921413,"type":"shrub_distant_03"}
{"ctxid":0,"pos":[1821.95337,-409.193085,192.042328],"rotationMatrix":[-0.012679996,-0.999919593,0,0.999919593,-0.012679996,0,0,0,1],"scale":0.922275782,"type":"shrub_distant_03"}
{"ctxid":0,"pos":[1772.38806,-408.354462,193.132919],"rotationMatrix":[-0.513265789,0.858229697,0,-0.858229697,-0.513265789,0,0,0,1],"scale":0.565800488,"type":"shrub_distant_03"}
{"ctxid":0,"pos":[1776.29602,-445.96701,208.614532],"rotationMatrix":[0.285215557,0.958463371,0,-0.958463371,0.285215557,0,0,0,1],"scale":0.928840876,"type":"shrub_distant_03"}
{"ctxid":0,"pos":[1752.00256,-441.795105,208.554916],"rotationMatrix":[-0.530891955,-0.847439528,0,0.847439528,-0.530891955,0,0,0,1],"scale":0.505423307,"type":"shrub_distant_03"}
{"ctxid":0,"pos":[1718.58142,-448.402771,212.677429],"rotationMatrix":[0.506494761,-0.759346664,0.408479571,0.858788192,0.48663044,-0.160229534,-0.0771087855,0.431952864,0.898593843],"scale":0.687370777,"type":"shrub_distant_03"}
{"ctxid":0,"pos":[1741.37524,-456.147247,217.616272],"rotationMatrix":[0.0790513754,-0.876146197,0.475518823,0.993608117,0.0306921601,-0.108629286,0.0805806071,0.481066763,0.872972786],"scale":0.787426949,"type":"shrub_distant_03"}
{"ctxid":0,"pos":[1700.74292,-442.685272,212.051498],"rotationMatrix":[0.407375813,0.818585634,-0.404922336,-0.910397172,0.399081707,-0.109134868,0.0722607672,0.41309917,0.907814622],"scale":0.70501864,"type":"shrub_distant_03"}
{"ctxid":0,"pos":[1695.78845,-447.772095,214.76062],"rotationMatrix":[-0.984201074,-0.117970414,0.132023275,0.161633983,-0.903012276,0.398048252,0.0722607747,0.4130992,0.907814622],"scale":0.743150234,"type":"shrub_distant_03"}
{"ctxid":0,"pos":[1690.71924,-445.944855,214.332642],"rotationMatrix":[-0.432495594,-0.807189524,0.40173614,0.898735344,-0.421655536,0.120335504,0.0722608119,0.41309917,0.907814622],"scale":0.973999023,"type":"shrub_distant_03"}
{"ctxid":0,"pos":[1613.42908,-440.650055,209.317963],"rotationMatrix":[0.0128437448,0.999917507,0,-0.999917507,0.0128437448,0,0,0,1],"scale":0.553124905,"type":"shrub_distant_03"}
{"ctxid":0,"pos":[1646.12866,-435.792755,206.99527],"rotationMatrix":[-0.536919832,-0.784018874,0.311498642,0.840527415,-0.465488076,0.277190268,-0.0723234639,0.410652101,0.908919215],"scale":0.628035069,"type":"shrub_distant_03"}
{"ctxid":0,"pos":[1645.90601,-359.213165,195.722717],"rotationMatrix":[0.689174056,-0.724595845,0,0.724595845,0.689174056,0,0,0,1],"scale":0.763486028,"type":"shrub_distant_03"}
{"ctxid":0,"pos":[-250.143677,-1400.48181,215.172455],"rotationMatrix":[-0.694014668,-0.57493341,0.433352917,0.651373506,-0.757816195,0.0377728343,0.30668506,0.308489561,0.900432348],"scale":0.91102767,"type":"shrub_distant_03"}
{"ctxid":0,"pos":[-268.789185,-1337.38794,202.656479],"rotationMatrix":[0.971217513,-0.114720508,-0.208748162,0.0593137145,0.965250671,-0.254505396,0.230691284,0.234798476,0.944272816],"scale":0.997709036,"type":"shrub_distant_03"}
{"ctxid":0,"pos":[-255.42688,-1289.48743,190.179398],"rotationMatrix":[0.0562971234,-0.990363717,0.126531556,0.98397696,0.0335618258,-0.175107777,0.169173792,0.134362191,0.97638464],"scale":0.721012235,"type":"shrub_distant_03"}
{"ctxid":0,"pos":[-255.039871,-1275.01038,188.626236],"rotationMatrix":[0.965904415,0.204215348,-0.159137636,-0.212299466,0.976563632,-0.0353889391,0.148181051,0.067967169,0.986621916],"scale":0.692074239,"type":"shrub_distant_03"}
{"ctxid":0,"pos":[-300.185272,-1240.37952,197.03334],"rotationMatrix":[-0.926928639,0.0252434965,0.374387532,-0.0452256277,-0.997976899,-0.0446823165,0.372502238,-0.0583492294,0.926195145],"scale":0.848456025,"type":"shrub_distant_03"}
{"ctxid":0,"pos":[-325.009796,-1233.15259,205.156113],"rotationMatrix":[-0.423407912,0.905826688,-0.014280811,-0.811795115,-0.372363448,0.449815959,0.402137637,0.202048689,0.8930071],"scale":0.710998297,"type":"shrub_distant_03"}
{"ctxid":0,"pos":[-301.422638,-1511.19067,250.655121],"rotationMatrix":[0.187994957,-0.981561184,-0.0345709175,0.91493237,0.187816024,-0.357244253,0.357150137,0.0355299711,0.933370948],"scale":0.811361492,"type":"shrub_distant_03"}
{"ctxid":0,"pos":[-313.605255,-1493.88953,255.143768],"rotationMatrix":[-0.443011731,0.896515787,0,-0.896515787,-0.443011731,0,0,0,1],"scale":0.879869163,"type":"shrub_distant_03"}
{"ctxid":0,"pos":[-308.038757,-1478.22583,253.77803],"rotationMatrix":[-0.586458147,-0.809979558,0,0.809979558,-0.586458147,0,0,0,1],"scale":0.979426742,"type":"shrub_distant_03"}
{"ctxid":0,"pos":[-307.581787,-1475.86133,253.58786],"rotationMatrix":[-0.634075642,-0.674843311,0.377536237,0.618852019,-0.735602736,-0.275517106,0.463647842,0.0589403212,0.884056926],"scale":0.510809839,"type":"shrub_distant_03"}
{"ctxid":0,"pos":[-327.78772,-1538.82776,261.358398],"rotationMatrix":[0.925025225,-0.120797567,-0.360189199,0.0975560173,0.991838276,-0.082095392,0.36716634,0.0408016816,0.929259956],"scale":0.66451782,"type":"shrub_distant_03"}
{"ctxid":0,"pos":[-327.274414,-1556.31885,261.923584],"rotationMatrix":[0.780102253,0.530593216,-0.331528723,-0.506586015,0.846643984,0.162986517,0.36716634,0.0408016704,0.929259956],"scale":0.853848934,"type":"shrub_distant_03"}
{"ctxid":0,"pos":[-318.539459,-1596.7262,261.450439],"rotationMatrix":[-0.733144879,0.639208674,0.232187286,-0.587851048,-0.767315865,0.256237328,0.341950119,0.0513675287,0.938313127],"scale":0.984344244,"type":"shrub_distant_03"}
