{"ctxid":0,"pos":[1037.33838,-621.824707,183.783615],"rotationMatrix":[0.332713187,-0.906964064,0.258298397,0.900429845,0.386927426,0.198779404,-0.280228496,0.16644305,0.945393384],"scale":1.17912507,"type":"shrub_distant_02"}
{"ctxid":0,"pos":[1055.7821,-654.923157,186.847427],"rotationMatrix":[-0.349759936,0.936800599,-0.00846301764,-0.904183388,-0.339918733,-0.258663267,-0.245192736,-0.0828180537,0.965930462],"scale":0.933903813,"type":"shrub_distant_02"}
{"ctxid":0,"pos":[1042.17798,-624.058411,185.611404],"rotationMatrix":[-0.360609055,-0.930973053,0.0570145622,0.88962543,-0.324940324,0.320906103,-0.280228585,0.166443199,0.945393384],"scale":1.04739535,"type":"shrub_distant_02"}
{"ctxid":0,"pos":[1045.06348,-617.181274,186.381744],"rotationMatrix":[0.0494024158,0.998729706,-0.00990717113,-0.940297246,0.0431630611,-0.337606072,-0.336749673,0.0259941965,0.941235363],"scale":0.768995583,"type":"shrub_distant_02"}
{"ctxid":0,"pos":[1620.58655,-857.531067,201.853928],"rotationMatrix":[0.479406893,-0.868312597,0.127286956,0.874330044,0.485069096,0.0159620233,-0.0756029859,0.10363853,0.991737485],"scale":1.14756632,"type":"shrub_distant_02"}
{"ctxid":0,"pos":[1574.20789,-827.744263,195.88797],"rotationMatrix":[0.943579316,0.331146628,0,-0.331146628,0.943579316,0,0,0,1],"scale":1.13044262,"type":"shrub_distant_02"}
{"ctxid":0,"pos":[616.517822,-1027.73645,167.550461],"rotationMatrix":[-0.335809588,-0.941929877,0,0.941929877,-0.335809588,0,0,0,1],"scale":0.956814647,"type":"shrub_distant_02"}
{"ctxid":0,"pos":[1084.48157,-685.067505,181.855957],"rotationMatrix":[0.655643344,0.683922291,0.319972008,-0.729159713,0.463424742,0.503550947,0.196106821,-0.563460529,0.802529931],"scale":1.18908691,"type":"shrub_distant_02"}
{"ctxid":0,"pos":[1572.8042,-688.00177,215.794373],"rotationMatrix":[0.5761289,0.817358851,0,-0.817358851,0.5761289,0,0,0,1],"scale":1.12314069,"type":"shrub_distant_02"}
{"ctxid":0,"pos":[971.060242,982.380005,133.862091],"rotationMatrix":[0.496592045,-0.867984056,0,0.867984056,0.496592045,0,0,0,1],"scale":0.955073953,"type":"shrub_distant_02"}
{"ctxid":0,"pos":[962.077759,987.991516,131.657944],"rotationMatrix":[-0.359973341,-0.932962596,0,0.932962596,-0.359973341,0,0,0,1],"scale":0.574134171,"type":"shrub_distant_02"}
{"ctxid":0,"pos":[901.575012,995.498535,124.801842],"rotationMatrix":[0.0472731888,0.998881996,0,-0.998881996,0.0472731888,0,0,0,1],"scale":0.723335743,"type":"shrub_distant_02"}
{"ctxid":0,"pos":[945.166504,987.461487,134.175385],"rotationMatrix":[-0.987694561,-0.156395122,0,0.156395122,-0.987694561,0,0,0,1],"scale":0.712808192,"type":"shrub_distant_02"}
{"ctxid":0,"pos":[944.052368,989.355652,131.940079],"rotationMatrix":[0.883720994,0.468014121,0,-0.468014121,0.883720994,0,0,0,1],"scale":0.563194931,"type":"shrub_distant_02"}
{"ctxid":0,"pos":[1072.84412,126.542526,171.501465],"rotationMatrix":[-0.837142229,-0.37286973,-0.400200993,0.461161196,-0.874578476,-0.149808913,-0.294147998,-0.309968561,0.904099762],"scale":0.822257757,"type":"shrub_distant_02"}
{"ctxid":0,"pos":[1736.15039,-71.5168304,196.170334],"rotationMatrix":[-0.62883091,0.777039051,-0.027949214,-0.742165804,-0.610552192,-0.276433051,-0.231863797,-0.153086811,0.960626662],"scale":0.938049674,"type":"shrub_distant_02"}
{"ctxid":0,"pos":[1949.31433,-501.216644,233.725784],"rotationMatrix":[0.97169143,0.236253634,0,-0.236253634,0.97169143,0,0,0,1],"scale":0.968379855,"type":"shrub_distant_02"}
{"ctxid":0,"pos":[1908.91296,-432.196808,202.896469],"rotationMatrix":[0.842506707,-0.538685858,0,0.538685858,0.842506707,0,0,0,1],"scale":0.535657048,"type":"shrub_distant_02"}
{"ctxid":0,"pos":[1845.27917,-463.375336,219.424622],"rotationMatrix":[0.588935256,0.808180213,0,-0.808180213,0.588935256,0,0,0,1],"scale":0.610010982,"type":"shrub_distant_02"}
{"ctxid":0,"pos":[1857.59009,-465.366882,220.105896],"rotationMatrix":[-0.985136867,-0.171771243,0,0.171771243,-0.985136867,0,0,0,1],"scale":0.99712497,"type":"shrub_distant_02"}
{"ctxid":0,"pos":[1858.15332,-451.075104,212.742188],"rotationMatrix":[0.49860844,0.866827309,0,-0.866827309,0.49860844,0,0,0,1],"scale":0.823227406,"type":"shrub_distant_02"}
{"ctxid":0,"pos":[1851.41638,-429.742401,201.210739],"rotationMatrix":[-0.953978419,0.299875319,0,-0.299875319,-0.953978419,0,0,0,1],"scale":1.0199759,"type":"shrub_distant_02"}
{"ctxid":0,"pos":[1815.60547,-399.797028,190.513168],"rotationMatrix":[-0.999788165,-0.0205816124,0,0.0205816124,-0.999788165,0,0,0,1],"scale":0.556553543,"type":"shrub_distant_02"}
{"ctxid":0,"pos":[1818.32043,-394.036346,190.044983],"rotationMatrix":[0.999536633,0.0304378383,0,-0.0304378383,0.999536633,0,0,0,1],"scale":0.785368681,"type":"shrub_distant_02"}
{"ctxid":0,"pos":[1816.6532,-402.42691,190.678085],"rotationMatrix":[-0.926571846,-0.376117796,0,0.376117796,-0.926571846,0,0,0,1],"scale":0.534000278,"type":"shrub_distant_02"}
{"ctxid":0,"pos":[1775.30322,-422.020172,196.861893],"rotationMatrix":[-0.181556955,0.983380437,0,-0.983380437,-0.181556955,0,0,0,1],"scale":0.670166373,"type":"shrub_distant_02"}
{"ctxid":0,"pos":[1786.3009,-434.820496,202.218994],"rotationMatrix":[0.012880641,-0.99991703,0,0.99991703,0.012880641,0,0,0,1],"scale":0.583690822,"type":"shrub_distant_02"}
{"ctxid":0,"pos":[1783.74158,-445.089783,207.686783],"rotationMatrix":[0.912470222,0.40914315,0,-0.40914315,0.912470222,0,0,0,1],"scale":0.63256824,"type":"shrub_distant_02"}
{"ctxid":0,"pos":[1766.37158,-445.866943,209.403458],"rotationMatrix":[-0.206087872,0.978533506,0,-0.978533506,-0.206087872,0,0,0,1],"scale":0.571643174,"type":"shrub_distant_02"}
{"ctxid":0,"pos":[1756.07214,-449.087494,212.333496],"rotationMatrix":[0.816449463,0.577416897,0,-0.577416897,0.816449463,0,0,0,1],"scale":0.978538156,"type":"shrub_distant_02"}
{"ctxid":0,"pos":[1739.95081,-439.91925,208.855804],"rotationMatrix":[0.374317199,0.927300751,0,-0.927300751,0.374317199,0,0,0,1],"scale":0.999325871,"type":"shrub_distant_02"}
{"ctxid":0,"pos":[1742.90796,-443.666595,210.597305],"rotationMatrix":[0.984356761,-0.176186785,0,0.176186785,0.984356761,0,0,0,1],"scale":0.65235287,"type":"shrub_distant_02"}
{"ctxid":0,"pos":[1711.53088,-466.222595,219.369125],"rotationMatrix":[-0.896756172,-0.417718947,0.146076337,0.440562367,-0.873783827,0.205926448,0.0416198038,0.249021679,0.967603207],"scale":0.754962325,"type":"shrub_distant_02"}
{"ctxid":0,"pos":[1725.90112,-470.607056,221.713959],"rotationMatrix":[0.725506485,0.675453007,-0.131922081,-0.683621705,0.685189843,-0.251348555,-0.079382509,0.272539794,0.958864152],"scale":0.544160843,"type":"shrub_distant_02"}
{"ctxid":0,"pos":[1688.12537,-456.749481,217.327515],"rotationMatrix":[0.930137098,0.363839179,-0.049659133,-0.365722328,0.905682623,-0.214443892,-0.0330476761,0.217623681,0.975473106],"scale":0.638716996,"type":"shrub_distant_02"}
{"ctxid":0,"pos":[1643.41455,-424.158813,203.93454],"rotationMatrix":[-0.402746439,-0.879149914,0.254735142,0.912237406,-0.408325076,0.0330598503,0.074950248,0.245693728,0.966445565],"scale":0.652091742,"type":"shrub_distant_02"}
{"ctxid":0,"pos":[1600.83557,-422.545868,207.617767],"rotationMatrix":[0.405984819,-0.913879812,0,0.913879812,0.405984819,0,0,0,1],"scale":0.774894953,"type":"shrub_distant_02"}
{"ctxid":0,"pos":[1586.07397,-425.352081,207.607727],"rotationMatrix":[-0.942415118,0.333272934,-0.0279598497,-0.329338193,-0.910227776,0.251039058,0.058214698,0.245791405,0.967573047],"scale":0.598943591,"type":"shrub_distant_02"}
{"ctxid":0,"pos":[1577.44983,-431.845459,209.076096],"rotationMatrix":[-0.0909116268,0.966494679,-0.240047693,-0.994155884,-0.0739892721,0.0786096007,0.0582147762,0.245791391,0.967573047],"scale":0.547599077,"type":"shrub_distant_02"}
{"ctxid":0,"pos":[1626.35242,-443.658569,209.606262],"rotationMatrix":[0.891706586,-0.438411742,0.112491831,0.452208489,0.852437019,-0.262409091,0.0191510282,0.284861684,0.958377302],"scale":0.679094195,"type":"shrub_distant_02"}
{"ctxid":0,"pos":[1657.87915,-444.041962,211.272339],"rotationMatrix":[-0.808431387,-0.581458747,0.0913454741,0.579899251,-0.760273337,0.29274714,-0.100772873,0.289637208,0.951816738],"scale":0.671806097,"type":"shrub_distant_02"}
{"ctxid":0,"pos":[-246.650818,-1411.04785,217.602737],"rotationMatrix":[-0.523048997,-0.735752046,0.430219114,0.795213044,-0.602912068,-0.0642890036,0.30668509,0.308489561,0.900432348],"scale":0.736234546,"type":"shrub_distant_02"}
{"ctxid":0,"pos":[-272.938141,-1374.69458,215.640198],"rotationMatrix":[0.525235951,-0.850803196,-0.0161561519,0.768927038,0.482652307,-0.419282675,0.364524901,0.20779942,0.907711983],"scale":0.534214616,"type":"shrub_distant_02"}
{"ctxid":0,"pos":[-259.373962,-1354.25159,204.857117],"rotationMatrix":[0.942046225,0.103044584,-0.319265962,-0.183766231,0.954686284,-0.234102681,0.280675828,0.279205859,0.918294728],"scale":0.757938266,"type":"shrub_distant_02"}
{"ctxid":0,"pos":[-263.528442,-1372.57825,211.376907],"rotationMatrix":[0.679216027,0.607499838,-0.411836714,-0.63701427,0.766657293,0.0803081542,0.364524812,0.207799301,0.907711983],"scale":0.745026648,"type":"shrub_distant_02"}
{"ctxid":0,"pos":[-261.727325,-1361.59631,208.139557],"rotationMatrix":[-0.0291420221,-0.971759856,0.234164774,0.930737436,-0.111811399,-0.34817481,0.364524722,0.20779936,0.907712042],"scale":0.904071927,"type":"shrub_distant_02"}
{"ctxid":0,"pos":[-260.842346,-1336.73682,200.553116],"rotationMatrix":[0.150468707,-0.967383385,0.203784764,0.961322188,0.0950721502,-0.258496642,0.230691165,0.234798476,0.944272876],"scale":0.700398088,"type":"shrub_distant_02"}
{"ctxid":0,"pos":[-197.303345,-1217.57446,177.186707],"rotationMatrix":[-0.565512896,-0.807863116,0.165987641,0.801511884,-0.585768461,-0.120222718,0.194353878,0.0650535524,0.978771985],"scale":0.544846117,"type":"shrub_distant_02"}
{"ctxid":0,"pos":[-334.659149,-1210.16187,208.056885],"rotationMatrix":[0.611660123,-0.741997063,-0.274430633,0.676236212,0.67040199,-0.305394381,0.410580575,0.00121763349,0.911823511],"scale":0.949259698,"type":"shrub_distant_02"}
{"ctxid":0,"pos":[-343.872925,-1214.61023,212.665009],"rotationMatrix":[-0.821461082,0.437860429,0.365348876,-0.364233375,-0.895814776,0.254656076,0.438788772,0.0761178136,0.895360529],"scale":0.949907959,"type":"shrub_distant_02"}
{"ctxid":0,"pos":[-330.880585,-1232.72668,207.751846],"rotationMatrix":[-0.893434405,-0.127884164,0.430604041,0.152093336,-0.98811841,0.0221101791,0.42266041,0.0852460191,0.902270079],"scale":0.853002429,"type":"shrub_distant_02"}
{"ctxid":0,"pos":[-295.331665,-1289.474,200.431396],"rotationMatrix":[-0.775044918,-0.5215289,0.356810302,0.532067478,-0.843216538,-0.076751098,0.340896159,0.130361602,0.931018651],"scale":0.890198827,"type":"shrub_distant_02"}
{"ctxid":0,"pos":[-302.067261,-1321.15686,210.397858],"rotationMatrix":[-0.881103039,0.357541949,0.309549034,-0.235749647,-0.899483562,0.367900848,0.409974337,0.251182556,0.876828551],"scale":0.741666555,"type":"shrub_distant_02"}
{"ctxid":0,"pos":[-292.314484,-1349.63745,215.230453],"rotationMatrix":[-0.24756062,0.943920135,-0.218466476,-0.867828727,-0.115772724,0.483186543,0.43079716,0.309209704,0.847822547],"scale":0.575730205,"type":"shrub_distant_02"}
{"ctxid":0,"pos":[-298.688446,-1450.5166,248.09758],"rotationMatrix":[-0.808214068,0.287347615,0.514024734,-0.355650306,-0.933880687,-0.0371445492,0.469364375,-0.212833792,0.856970787],"scale":0.749151945,"type":"shrub_distant_02"}
{"ctxid":0,"pos":[-308.112305,-1502.30115,252.811249],"rotationMatrix":[-0.493084908,0.86998117,0,-0.86998117,-0.493084908,0,0,0,1],"scale":0.665287614,"type":"shrub_distant_02"}
{"ctxid":0,"pos":[-318.368011,-1483.23413,258.166565],"rotationMatrix":[0.985562861,-0.169309884,0,0.169309884,0.985562861,0,0,0,1],"scale":0.582889915,"type":"shrub_distant_02"}
{"ctxid":0,"pos":[-309.771271,-1488.12537,253.857193],"rotationMatrix":[0.364692003,0.931128204,0,-0.931128204,0.364692003,0,0,0,1],"scale":0.509630442,"type":"shrub_distant_02"}
{"ctxid":0,"pos":[-327.626404,-1626.6886,268.238953],"rotationMatrix":[0.692128897,-0.696166515,-0.190551043,0.621389866,0.709036708,-0.333378911,0.367194951,0.112334684,0.923335671],"scale":0.901406646,"type":"shrub_distant_02"}
{"ctxid":0,"pos":[-336.65332,-1677.23816,275.432556],"rotationMatrix":[0.776319504,0.514130354,-0.364689022,-0.521009088,0.849018574,0.0878465623,0.354792327,0.121809319,0.926976204],"scale":0.649302423,"type":"shrub_distant_02"}
{"ctxid":0,"pos":[-318.31601,-1582.61426,260.378845],"rotationMatrix":[-0.882277727,-0.288473487,0.371979177,0.294193745,-0.9547925,-0.0426683575,0.367471755,0.0717886165,0.927259862],"scale":0.945826828,"type":"shrub_distant_02"}
{"ctxid":0,"pos":[-299.822784,-1632.349,258.633026],"rotationMatrix":[0.951308727,-0.0752205551,-0.298920602,0.0503437556,0.994661391,-0.090079166,0.304100603,0.0706443116,0.950016916],"scale":0.979966164,"type":"shrub_distant_02"}
{"ctxid":0,"pos":[-306.308502,-1595.92102,257.151306],"rotationMatrix":[0.947408259,0.128801852,-0.292963654,-0.152861625,0.986383498,-0.0606708154,0.281159967,0.102262937,0.954196692],"scale":0.928290606,"type":"shrub_distant_02"}
{"ctxid":0,"pos":[-246.641968,-1472.32886,230.397522],"rotationMatrix":[0.97690779,-0.0344068147,-0.210872874,-0.0102426233,0.978272617,-0.207069486,0.213415757,0.204447687,0.955329716],"scale":0.936953545,"type":"shrub_distant_02"}
{"ctxid":0,"pos":[-311.502075,-1232.01318,199.754715],"rotationMatrix":[-0.187628627,-0.975171208,0.117629096,0.932078123,-0.214546323,-0.29189074,0.309880316,0.0548724309,0.949190795],"scale":0.893016577,"type":"shrub_distant_02"}
{"ctxid":0,"pos":[-308.619385,-1209.32385,197.619156],"rotationMatrix":[0.632532537,0.740696907,-0.226430148,-0.708678842,0.671431541,0.216688752,0.312533051,0.0234035626,0.949618518],"scale":0.763697505,"type":"shrub_distant_02"}
{"ctxid":0,"pos":[-324.033539,-1185.83801,200.362076],"rotationMatrix":[-0.476649046,0.869781137,-0.127619445,-0.829580665,-0.397005081,0.392661572,0.29086405,0.293032348,0.910785437],"scale":0.811932981,"type":"shrub_distant_02"}
{"ctxid":0,"pos":[-323.058929,-1193.09863,202.386856],"rotationMatrix":[-0.896946549,0.414830387,0.152978569,-0.332993805,-0.861421704,0.383493721,0.290863961,0.293032467,0.910785437],"scale":0.793728471,"type":"shrub_distant_02"}
{"ctxid":0,"pos":[-258.394714,-1098.83167,172.60556],"rotationMatrix":[-0.371347427,-0.829319894,0.417527914,0.893556058,-0.441398144,-0.0820075721,0.252306581,0.34263128,0.904955924],"scale":0.757204294,"type":"shrub_distant_02"}
{"ctxid":0,"pos":[-255.809143,-1072.01099,161.760071],"rotationMatrix":[0.515081525,0.757053673,-0.401946127,-0.840886056,0.537201405,-0.0657663643,0.166137382,0.371865958,0.913298488],"scale":0.717780471,"type":"shrub_distant_02"}
{"ctxid":0,"pos":[-356.998779,-1130.35742,192.590408],"rotationMatrix":[-0.993607879,0.00656314474,0.112693056,0.0322861224,-0.940082431,0.339414448,0.108168408,0.340883404,0.933861911],"scale":1.02996349,"type":"shrub_distant_02"}
{"ctxid":0,"pos":[-360.589264,-1110.09192,188.206116],"rotationMatrix":[0.0289213061,-0.979492128,0.199395567,0.997103155,0.042308569,0.0632079542,-0.0703478232,0.196989894,0.977878392],"scale":0.795223117,"type":"shrub_distant_02"}
{"ctxid":0,"pos":[-416.07547,-1252.80054,221.568893],"rotationMatrix":[0.340946674,0.892059684,-0.296622396,-0.940062642,0.321466208,-0.113761432,-0.00612795353,0.317630231,0.948194861],"scale":0.743963301,"type":"shrub_distant_02"}
{"ctxid":0,"pos":[-584.622192,-1374.70056,242.141617],"rotationMatrix":[-0.0692067146,0.9696877,-0.234341547,-0.964691997,-0.00521242619,0.263328552,0.254124969,0.244291604,0.935810924],"scale":0.663328648,"type":"shrub_distant_02"}
{"ctxid":0,"pos":[-615.39563,-1422.47656,260.921967],"rotationMatrix":[0.854460359,0.382549256,-0.351501793,-0.416048497,0.909076452,-0.0219926089,0.311128706,0.165033624,0.935928822],"scale":0.741561472,"type":"shrub_distant_02"}
{"ctxid":0,"pos":[-602.081665,-1381.69214,248.325363],"rotationMatrix":[-0.925888181,0.222429693,0.305378139,-0.13604176,-0.950381398,0.279763281,0.352453411,0.217485368,0.910206914],"scale":0.774797261,"type":"shrub_distant_02"}
{"ctxid":0,"pos":[-587.336365,-1388.1322,245.40715],"rotationMatrix":[0.63964963,0.717026472,-0.276986122,-0.728146791,0.680675089,0.0805212036,0.246273398,0.150181204,0.95749414],"scale":0.821742117,"type":"shrub_distant_02"}
{"ctxid":0,"pos":[-582.727539,-1357.71899,237.381729],"rotationMatrix":[-0.114231944,0.965904593,-0.232334062,-0.979745984,-0.0708158016,0.187303424,0.16446428,0.249024451,0.954430878],"scale":0.62136209,"type":"shrub_distant_02"}
{"ctxid":0,"pos":[-605.807068,-1461.91174,261.593689],"rotationMatrix":[-0.834158301,0.551525056,0,-0.551525056,-0.834158301,0,0,0,1],"scale":0.544583797,"type":"shrub_distant_02"}
{"ctxid":0,"pos":[-608.115479,-1451.73157,262.024963],"rotationMatrix":[0.325455129,0.924369037,-0.199049234,-0.864450514,0.376172245,0.333495796,0.383150041,0.0635304004,0.921498716],"scale":0.584436536,"type":"shrub_distant_02"}
{"ctxid":0,"pos":[-535.653564,-1404.573,242.650528],"rotationMatrix":[-0.526293993,-0.822330236,0.216304779,0.850256562,-0.511604905,0.123791903,0.00886475295,0.249065489,0.968446076],"scale":0.979050875,"type":"shrub_distant_02"}
{"ctxid":0,"pos":[-457.35434,-1213.39954,204.240402],"rotationMatrix":[0.309143305,0.913806081,-0.263418078,-0.950503945,0.287803948,-0.117094979,-0.0311893076,0.286579013,0.957548797],"scale":0.77953583,"type":"shrub_distant_02"}
{"ctxid":0,"pos":[-429.872437,-1127.80811,190.217697],"rotationMatrix":[-0.628663301,-0.767811954,0.123479217,0.770852268,-0.636230707,-0.0315762833,0.102805927,0.0753333792,0.991844654],"scale":0.777409494,"type":"shrub_distant_02"}
{"ctxid":0,"pos":[-426.038361,-1119.20898,187.54454],"rotationMatrix":[0.974070668,-0.196288556,-0.112503879,0.15050754,0.93347168,-0.325542778,0.168919504,0.300169021,0.938810289],"scale":0.64268297,"type":"shrub_distant_02"}
{"ctxid":0,"pos":[-339.437683,-1073.12268,178.411438],"rotationMatrix":[0.609485507,-0.782777011,-0.125648648,0.704475224,0.60743767,-0.367061436,0.363650948,0.135202244,0.92167151],"scale":0.556806862,"type":"shrub_distant_02"}
{"ctxid":0,"pos":[-299.679443,-1059.97119,167.297546],"rotationMatrix":[0.982199967,-0.157948703,0.101663083,0.184545219,0.912328124,-0.365513861,-0.0350176431,0.377769172,0.925237417],"scale":0.715457559,"type":"shrub_distant_02"}
{"ctxid":0,"pos":[-313.275604,-1056.75928,167.118729],"rotationMatrix":[0.30722791,0.912198603,-0.271117717,-0.935983598,0.341111302,0.0870505124,0.171888679,0.227017388,0.958601773],"scale":0.926106393,"type":"shrub_distant_02"}
{"ctxid":0,"pos":[-324.246429,-1056.19177,170.882858],"rotationMatrix":[-0.282711744,0.951633215,0.120283812,-0.870792508,-0.307213068,0.383849442,0.40223667,0.00377649069,0.91552794],"scale":0.922601104,"type":"shrub_distant_02"}
{"ctxid":0,"pos":[-164.6259,-1043.71375,147.658249],"rotationMatrix":[-0.721336007,0.692585289,0,-0.692585289,-0.721336007,0,0,0,1],"scale":0.853635073,"type":"shrub_distant_02"}
{"ctxid":0,"pos":[-124.248566,-1035.86816,149.05043],"rotationMatrix":[0.32111463,0.947040319,0,-0.947040319,0.32111463,0,0,0,1],"scale":0.891602039,"type":"shrub_distant_02"}
{"ctxid":0,"pos":[-111.817307,-1034.19434,147.454361],"rotationMatrix":[0.188098639,-0.982150137,0,0.982150137,0.188098639,0,0,0,1],"scale":0.919343352,"type":"shrub_distant_02"}
{"ctxid":0,"pos":[-102.881386,-1052.40564,147.370667],"rotationMatrix":[-0.147271395,0.989096105,0,-0.989096105,-0.147271395,0,0,0,1],"scale":0.770462871,"type":"shrub_distant_02"}
{"ctxid":0,"pos":[-28.2551575,-1073.18298,150.108444],"rotationMatrix":[-0.919031501,0.019776687,0.39368704,0.00943308882,-0.997350931,0.0721222758,0.394070596,0.0699963421,0.916410863],"scale":1.02627349,"type":"shrub_distant_02"}
{"ctxid":0,"pos":[-104.387306,-1059.79053,147.634796],"rotationMatrix":[-0.191276446,0.98153621,0,-0.98153621,-0.191276446,0,0,0,1],"scale":0.801046014,"type":"shrub_distant_02"}
{"ctxid":0,"pos":[-101.379349,-1061.02014,147.386322],"rotationMatrix":[-0.309702992,-0.950833321,0,0.950833321,-0.309702992,0,0,0,1],"scale":0.500935674,"type":"shrub_distant_02"}
{"ctxid":0,"pos":[-109.104477,-1064.43115,149.179596],"rotationMatrix":[0.880688965,-0.47369504,0,0.47369504,0.880688965,0,0,0,1],"scale":0.848968983,"type":"shrub_distant_02"}
{"ctxid":0,"pos":[-104.760315,-1169.0968,165.134979],"rotationMatrix":[-0.987910748,-0.111366488,0.107837185,0.123040117,-0.986458421,0.108443588,0.0942999572,0.12040095,0.988236368],"scale":0.973447204,"type":"shrub_distant_02"}
{"ctxid":0,"pos":[-66.5432663,-1132.62744,159.297775],"rotationMatrix":[-0.958330035,-0.229522675,-0.170064121,0.206564069,-0.968009233,0.142437443,-0.197316349,0.101373009,0.975084484],"scale":0.778290629,"type":"shrub_distant_02"}
{"ctxid":0,"pos":[-50.3847122,-1072.4469,150.766724],"rotationMatrix":[-0.175432086,0.936008394,-0.305142105,-0.936402857,-0.254332066,-0.24179478,-0.303929389,0.243317381,0.921099126],"scale":0.630519629,"type":"shrub_distant_02"}
{"ctxid":0,"pos":[-44.4080429,-1077.82617,154.606995],"rotationMatrix":[0.888263702,-0.427245796,0.168667018,0.458805323,0.842870116,-0.281189591,-0.0220272914,0.327155858,0.944713593],"scale":0.974949479,"type":"shrub_distant_02"}
{"ctxid":0,"pos":[-32.7124977,-1049.21741,145.856613],"rotationMatrix":[0.405752718,0.882730186,-0.236964241,-0.902884781,0.427400231,0.0461297184,0.141998664,0.195234165,0.970422566],"scale":0.55101186,"type":"shrub_distant_02"}
{"ctxid":0,"pos":[-35.2715988,-1050.51208,146.491547],"rotationMatrix":[0.183370531,-0.96857661,0.168030933,0.972734034,0.154086709,-0.173336729,0.141998604,0.195234254,0.970422566],"scale":0.926622689,"type":"shrub_distant_02"}
{"ctxid":0,"pos":[-265.801208,-1046.89221,155.057022],"rotationMatrix":[0.830995858,-0.556206822,-0.00893708691,0.553128839,0.827891111,-0.0929772854,0.059113536,0.0723203719,0.995628119],"scale":0.703638732,"type":"shrub_distant_02"}
{"ctxid":0,"pos":[-254.173294,-1038.03528,151.932632],"rotationMatrix":[-0.98022759,0.175381988,0.0916221291,-0.156439036,-0.970418572,0.183886647,0.121162236,0.165917516,0.978668034],"scale":0.537414789,"type":"shrub_distant_02"}
{"ctxid":0,"pos":[-287.352478,-1032.98352,156.497925],"rotationMatrix":[-0.96863389,-0.111204125,0.222217351,0.160364062,-0.962870359,0.21716997,0.189816445,0.245994031,0.950503349],"scale":0.613949001,"type":"shrub_distant_02"}
{"ctxid":0,"pos":[-306.359558,-1012.71472,155.583786],"rotationMatrix":[-0.517781138,0.855490446,-0.00621654093,-0.773509979,-0.46503377,0.430610955,0.365492642,0.22777082,0.902516246],"scale":0.812695026,"type":"shrub_distant_02"}
{"ctxid":0,"pos":[-305.172913,-1011.06628,154.862869],"rotationMatrix":[0.822820008,0.420713902,-0.382056296,-0.405869603,0.905599356,0.12312483,0.397790253,0.0537554696,0.91590023],"scale":0.727675915,"type":"shrub_distant_02"}
{"ctxid":0,"pos":[-310.785492,-1005.86652,156.929428],"rotationMatrix":[0.883458734,-0.415969044,-0.215569973,0.310315818,0.864255428,-0.395937741,0.351005375,0.282899857,0.892615795],"scale":0.784190059,"type":"shrub_distant_02"}
{"ctxid":0,"pos":[-313.787109,-988.247009,154.516296],"rotationMatrix":[0.472217083,-0.869909883,-0.142364576,0.775364399,0.486742198,-0.402358115,0.419310212,0.0796159357,0.904345214],"scale":0.67750752,"type":"shrub_distant_02"}
{"ctxid":0,"pos":[-324.269043,-979.325439,157.060471],"rotationMatrix":[-0.621151209,-0.653596818,0.432413816,0.701987922,-0.709327817,-0.0637670681,0.348401248,0.263940334,0.899417579],"scale":0.823892593,"type":"shrub_distant_02"}
{"ctxid":0,"pos":[-299.165405,-1001.57086,152.820114],"rotationMatrix":[0.925587952,0.0162896924,-0.378181905,-0.0855669975,0.982217371,-0.16711472,0.368734568,0.187039271,0.910522461],"scale":0.659402251,"type":"shrub_distant_02"}
{"ctxid":0,"pos":[-308.616791,-1012.12933,156.573059],"rotationMatrix":[0.395317793,-0.90479362,-0.158342317,0.772152185,0.420705557,-0.476222456,0.497498572,0.0659948438,0.864950776],"scale":0.842300594,"type":"shrub_distant_02"}
{"ctxid":0,"pos":[-305.669373,-996.363464,153.401993],"rotationMatrix":[0.853890538,-0.500120163,-0.144051224,0.438442945,0.840370059,-0.318662703,0.280425996,0.208944798,0.936858237],"scale":0.663992643,"type":"shrub_distant_02"}
{"ctxid":0,"pos":[-297.742798,-1033.37402,159.76207],"rotationMatrix":[0.0635658503,-0.996486664,0.0545329005,0.936598539,0.0406994224,-0.348032773,0.344590545,0.0731984526,0.935894966],"scale":0.524460375,"type":"shrub_distant_02"}
{"ctxid":0,"pos":[-244.643616,-1041.8999,150.921356],"rotationMatrix":[0.737941861,-0.670699,0.0748637095,0.669215322,0.712925553,-0.209494457,0.0871354863,0.204694673,0.974939764],"scale":1.00705576,"type":"shrub_distant_02"}
{"ctxid":0,"pos":[-228.4711,-1079.45557,161.682983],"rotationMatrix":[-0.516778231,-0.776497662,0.36054337,0.851516902,-0.50980556,0.122544378,0.0886515975,0.370337069,0.924657404],"scale":0.969591379,"type":"shrub_distant_02"}
{"ctxid":0,"pos":[-225.540451,-1081.95581,162.408798],"rotationMatrix":[-0.726261258,-0.641818285,0.246198431,0.687414646,-0.679294467,0.256943405,0.00233027339,0.355848491,0.934540749],"scale":0.524829566,"type":"shrub_distant_02"}
{"ctxid":0,"pos":[-213.622559,-1038.14172,148.977905],"rotationMatrix":[-0.999045134,-0.0436895564,0,0.0436895564,-0.999045134,0,0,0,1],"scale":0.904688239,"type":"shrub_distant_02"}
{"ctxid":0,"pos":[-205.296219,-1039.34631,148.988953],"rotationMatrix":[0.633428395,-0.773801327,0,0.773801327,0.633428395,0,0,0,1],"scale":0.874518096,"type":"shrub_distant_02"}
{"ctxid":0,"pos":[-354.094666,-1060.04248,184.863754],"rotationMatrix":[0.65679121,-0.737019837,-0.159458071,0.730121434,0.67442143,-0.109901398,0.188541472,-0.0442415178,0.981068194],"scale":0.780694366,"type":"shrub_distant_02"}
{"ctxid":0,"pos":[-354.003693,-1085.84119,183.196732],"rotationMatrix":[-0.623197913,-0.782063603,0.000806085765,0.770302534,-0.614003301,-0.172144234,0.135122687,-0.106659025,0.985071421],"scale":0.846554041,"type":"shrub_distant_02"}
{"ctxid":0,"pos":[-408.702545,-1124.22693,188.583298],"rotationMatrix":[0.558436394,0.82827884,-0.0458564833,-0.824909866,0.548628569,-0.13612625,-0.087592341,0.113845319,0.989629626],"scale":0.992377996,"type":"shrub_distant_02"}
{"ctxid":0,"pos":[-395.794586,-1089.64148,177.547348],"rotationMatrix":[0.702382565,-0.585049808,0.405432403,0.672773063,0.731668949,-0.109713301,-0.232454538,0.349824727,0.907517254],"scale":0.689789176,"type":"shrub_distant_02"}
{"ctxid":0,"pos":[-398.058411,-1076.88721,169.346527],"rotationMatrix":[-0.823929667,0.559155226,0.0921143666,-0.493263125,-0.787653804,0.369178385,0.278982282,0.258740455,0.924782276],"scale":0.963358521,"type":"shrub_distant_02"}
{"ctxid":0,"pos":[-403.605743,-1081.70386,171.813416],"rotationMatrix":[-0.81045115,-0.55177325,0.196760714,0.53560406,-0.833991289,-0.132613659,0.237269461,-0.0020910725,0.971441627],"scale":0.571134567,"type":"shrub_distant_02"}
{"ctxid":0,"pos":[-671.443787,-1022.11951,183.973129],"rotationMatrix":[0.625793934,-0.51778245,0.583337843,0.746543646,0.61426127,-0.255647272,-0.225952074,0.595469713,0.770948291],"scale":0.795539737,"type":"shrub_distant_02"}
{"ctxid":0,"pos":[-663.650879,-1038.67822,189.808685],"rotationMatrix":[0.728920937,-0.67209363,0.130247131,0.683393121,0.725629807,-0.0802194178,-0.0405962318,0.147483617,0.988231003],"scale":0.795287728,"type":"shrub_distant_02"}
{"ctxid":0,"pos":[-637.519531,-1071.11719,191.793243],"rotationMatrix":[-0.347900391,0.894304097,-0.281398773,-0.919191778,-0.384444952,-0.0853716284,-0.184530586,0.228958622,0.955785751],"scale":0.940850258,"type":"shrub_distant_02"}
{"ctxid":0,"pos":[-662.160828,-1070.71423,191.567337],"rotationMatrix":[-0.980193853,0.187467471,-0.0638410076,-0.187324628,-0.982263088,-0.00826956332,-0.0642589554,0.00385321747,0.997925818],"scale":0.601279855,"type":"shrub_distant_02"}
{"ctxid":0,"pos":[-679.938721,-1060.75061,190.022903],"rotationMatrix":[-0.194589257,0.962574244,-0.188643634,-0.956840515,-0.143954277,0.25245598,0.215851575,0.229626969,0.949041426],"scale":0.912641406,"type":"shrub_distant_02"}
{"ctxid":0,"pos":[-655.354858,-1066.74231,191.723343],"rotationMatrix":[0.206618845,-0.972942948,-0.103393294,0.974849939,0.2137326,-0.0631303266,0.0835207179,-0.0877490863,0.992635071],"scale":0.968164384,"type":"shrub_distant_02"}
{"ctxid":0,"pos":[-665.911316,-1150.20532,200.441086],"rotationMatrix":[-0.515016794,-0.818118632,0.255810767,0.784905493,-0.570042372,-0.242846817,0.344500571,0.075717099,0.935727656],"scale":0.612714708,"type":"shrub_distant_02"}
{"ctxid":0,"pos":[-661.564331,-1146.53076,198.773468],"rotationMatrix":[0.607269645,0.774560809,-0.176858887,-0.783881903,0.620388269,0.0254479796,0.129432186,0.123182699,0.983907163],"scale":0.94620502,"type":"shrub_distant_02"}
{"ctxid":0,"pos":[-661.162903,-1153.31384,199.569901],"rotationMatrix":[-0.0795224905,0.990347147,-0.113527931,-0.98839438,-0.0635485649,0.137978658,0.129432231,0.123182788,0.983907163],"scale":0.627492905,"type":"shrub_distant_02"}
{"ctxid":0,"pos":[-676.805969,-1115.79785,198.163376],"rotationMatrix":[0.404682517,0.895952344,-0.183034107,-0.892859221,0.430373192,0.132594645,0.197571442,0.109764956,0.974123776],"scale":0.75319612,"type":"shrub_distant_02"}
{"ctxid":0,"pos":[-675.603088,-1112.81519,197.583328],"rotationMatrix":[-0.561367512,0.827309191,0.0206345692,-0.803636611,-0.550918221,0.225071251,0.197571486,0.109765023,0.974123776],"scale":0.985959649,"type":"shrub_distant_02"}
{"ctxid":0,"pos":[-612.472534,-1131.03613,194.730484],"rotationMatrix":[-0.943384171,0.323726535,-0.0722962469,-0.331602216,-0.925750494,0.181728885,-0.00809783861,0.195413813,0.980687439],"scale":0.637680054,"type":"shrub_distant_02"}
{"ctxid":0,"pos":[-607.515686,-1132.94641,195.152054],"rotationMatrix":[0.506555378,0.846375823,-0.164467812,-0.862169385,0.495440662,-0.105841696,-0.00809779763,0.195413798,0.980687439],"scale":0.563860476,"type":"shrub_distant_02"}
{"ctxid":0,"pos":[-614.490051,-1134.35364,195.229156],"rotationMatrix":[0.553629756,0.82969439,-0.0714240521,-0.832578778,0.549663901,-0.0684270039,-0.017514281,0.097349368,0.995096147],"scale":0.690460682,"type":"shrub_distant_02"}
{"ctxid":0,"pos":[-1412.52222,-620.297241,121.535156],"rotationMatrix":[0.520872831,-0.853634298,0,0.853634298,0.520872831,0,0,0,1],"scale":0.542698383,"type":"shrub_distant_02"}
{"ctxid":0,"pos":[-1413.36951,-632.147034,121.691872],"rotationMatrix":[0.570083797,-0.821586549,0,0.821586549,0.570083797,0,0,0,1],"scale":0.743540168,"type":"shrub_distant_02"}
{"ctxid":0,"pos":[-1406.12402,-611.435974,120.779755],"rotationMatrix":[0.771090448,0.636342824,-0.0220744461,-0.623657286,0.761798263,0.17525661,0.128339574,-0.121371806,0.984275281],"scale":0.830390334,"type":"shrub_distant_02"}
{"ctxid":0,"pos":[-1263.11987,-492.128326,109.716133],"rotationMatrix":[0.0779502392,0.996561706,-0.0280767418,-0.989968717,0.080701828,0.115969136,0.117836252,0.0187552907,0.992855906],"scale":1.02336276,"type":"shrub_distant_02"}
{"ctxid":0,"pos":[-1504.53198,-486.253784,173.18103],"rotationMatrix":[-0.38899231,0.786801517,0.479195952,-0.913354337,-0.397299647,-0.0890904814,0.120287776,-0.472331166,0.873174787],"scale":0.683719873,"type":"shrub_distant_02"}
{"ctxid":0,"pos":[142.661911,-1817.3606,258.406219],"rotationMatrix":[0.798397005,0.602131426,0,-0.602131426,0.798397005,0,0,0,1],"scale":0.839445472,"type":"shrub_distant_02"}
{"ctxid":0,"pos":[136.434235,-1782.81335,251.393463],"rotationMatrix":[-0.967030764,0.254659653,0,-0.254659653,-0.967030764,0,0,0,1],"scale":0.807939649,"type":"shrub_distant_02"}
{"ctxid":0,"pos":[370.937408,-1390.38318,237.452332],"rotationMatrix":[-0.947815061,-0.318820685,0,0.318820685,-0.947815061,0,0,0,1],"scale":0.753846109,"type":"shrub_distant_02"}
{"ctxid":0,"pos":[368.00943,-1386.74854,237.782364],"rotationMatrix":[-0.85856986,-0.512696564,0,0.512696564,-0.85856986,0,0,0,1],"scale":0.959398866,"type":"shrub_distant_02"}
{"ctxid":0,"pos":[331.893707,-1385.56055,231.027954],"rotationMatrix":[-0.887888432,-0.355398238,-0.292139232,0.404106379,-0.905989528,-0.126016229,-0.219889268,-0.229943782,0.948037207],"scale":0.991424561,"type":"shrub_distant_02"}
{"ctxid":0,"pos":[310.818787,-1368.05908,231.327148],"rotationMatrix":[-0.814706445,0.579873204,0.000420421362,-0.540886164,-0.759668827,-0.36103344,-0.209034264,-0.294363737,0.932552755],"scale":0.912052095,"type":"shrub_distant_02"}
{"ctxid":0,"pos":[336.550934,-1367.67505,237.211624],"rotationMatrix":[0.232081711,-0.953478217,-0.19239822,0.93660605,0.165675581,0.308740109,-0.262501359,-0.251854271,0.931483984],"scale":0.70339483,"type":"shrub_distant_02"}
{"ctxid":0,"pos":[363.935486,-1363.87207,244.489929],"rotationMatrix":[-0.938867807,-0.344277769,0,0.344277769,-0.938867807,0,0,0,1],"scale":1.00692415,"type":"shrub_distant_02"}
{"ctxid":0,"pos":[438.191498,-1382.59229,254.768387],"rotationMatrix":[0.090279527,0.995916486,0,-0.995916486,0.090279527,0,0,0,1],"scale":0.649416566,"type":"shrub_distant_02"}
{"ctxid":0,"pos":[317.498474,-1374.60156,230.929153],"rotationMatrix":[-0.948872209,-0.206953257,-0.238351688,0.264353067,-0.93363905,-0.241733775,-0.172506884,-0.292383522,0.94061321],"scale":0.501495838,"type":"shrub_distant_02"}
{"ctxid":0,"pos":[-1562.16138,-1568.73621,194.815292],"rotationMatrix":[0.616334796,0.754570782,-0.225287318,-0.765043676,0.505935907,-0.398418069,-0.186653703,0.417913556,0.889105558],"scale":0.538880587,"type":"shrub_distant_02"}
{"ctxid":0,"pos":[-1973.83582,-1244.87805,198.001282],"rotationMatrix":[0.0656437129,-0.997843146,0,0.997843146,0.0656437129,0,0,0,1],"scale":0.740218878,"type":"shrub_distant_02"}
{"ctxid":0,"pos":[-1958.91748,-1245.01135,193.859421],"rotationMatrix":[-0.999315619,0.0369903967,0,-0.0369903967,-0.999315619,0,0,0,1],"scale":0.860927522,"type":"shrub_distant_02"}
{"ctxid":0,"pos":[-1834.11121,-1384.18457,114.09436],"rotationMatrix":[0.909378707,0.415969193,0,-0.415969193,0.909378707,0,0,0,1],"scale":0.592832267,"type":"shrub_distant_02"}
{"ctxid":0,"pos":[-1829.3075,-1384.98523,113.394455],"rotationMatrix":[-0.230597571,0.973049223,0,-0.973049223,-0.230597571,0,0,0,1],"scale":0.795144081,"type":"shrub_distant_02"}
{"ctxid":0,"pos":[-1847.63843,-1364.82837,120.211502],"rotationMatrix":[-0.244612366,0.969620943,0,-0.969620943,-0.244612366,0,0,0,1],"scale":0.768588543,"type":"shrub_distant_02"}
{"ctxid":0,"pos":[-1843.08508,-1386.6637,115.308144],"rotationMatrix":[0.774388433,-0.632710457,0,0.632710457,0.774388433,0,0,0,1],"scale":0.949369907,"type":"shrub_distant_02"}
{"ctxid":0,"pos":[-1867.4043,-1410.55017,114.554482],"rotationMatrix":[-0.316431999,-0.948615193,0,0.948615193,-0.316431999,0,0,0,1],"scale":0.847629786,"type":"shrub_distant_02"}
{"ctxid":0,"pos":[-1661.63123,-1016.04584,131.433029],"rotationMatrix":[0.250844657,-0.949234426,-0.189817399,0.931053936,0.290255606,-0.22111091,0.264981657,-0.121265806,0.956597805],"scale":0.758414686,"type":"shrub_distant_02"}
{"ctxid":0,"pos":[-1361.02234,-611.755005,116.035744],"rotationMatrix":[0.991020381,-0.133127004,-0.0124799879,0.13349995,0.990377426,0.0364740454,0.0075042164,-0.0378126018,0.99925667],"scale":0.884765625,"type":"shrub_distant_02"}
{"ctxid":0,"pos":[-1348.20496,-609.043945,114.275391],"rotationMatrix":[0.973218322,-0.11831443,-0.197098479,0.108798042,0.99234283,-0.058469411,0.202507034,0.0354595743,0.978638589],"scale":0.773185253,"type":"shrub_distant_02"}
{"ctxid":0,"pos":[-1632.26172,-1021.81293,120.786453],"rotationMatrix":[-0.463680744,-0.589166522,0.661727548,0.703534842,-0.698815703,-0.12921223,0.538552999,0.405635148,0.738526165],"scale":0.713990569,"type":"shrub_distant_02"}
{"ctxid":0,"pos":[-1616.71631,-1026.80493,116.010544],"rotationMatrix":[-0.979010105,-0.0264946856,0.202080682,0.0924263746,-0.941412091,0.32434538,0.181647852,0.336215109,0.924101412],"scale":0.783505321,"type":"shrub_distant_02"}
{"ctxid":0,"pos":[-1609.64844,-1033.89868,117.0681],"rotationMatrix":[0.267579496,-0.926252127,0.265439123,0.945580125,0.199497163,-0.257057786,0.185146034,0.319777369,0.929227293],"scale":0.833894134,"type":"shrub_distant_02"}
{"ctxid":0,"pos":[-1625.32043,-1024.06104,116.959457],"rotationMatrix":[-0.779496551,-0.0929349139,0.619474053,0.319915295,-0.909298182,0.266140819,0.53855288,0.405635118,0.738526225],"scale":0.897551537,"type":"shrub_distant_02"}
{"ctxid":0,"pos":[-1693.39172,-889.381409,140.937714],"rotationMatrix":[0.714166224,-0.671874344,-0.196345195,0.66495198,0.738813043,-0.109517813,0.218644604,-0.0523462147,0.974399507],"scale":0.843918681,"type":"shrub_distant_02"}
{"ctxid":0,"pos":[-1685.75342,-882.064087,139.183411],"rotationMatrix":[-0.724953771,0.688697457,0.0117540359,-0.65765059,-0.69714427,0.285457283,0.20478797,0.199213237,0.958319366],"scale":1.01524544,"type":"shrub_distant_02"}
{"ctxid":0,"pos":[-1644.34607,-858.451233,132.345856],"rotationMatrix":[0.849434614,0.514631212,-0.116685599,-0.513765156,0.857010961,0.0397189632,0.120441452,0.0262103379,0.992374361],"scale":0.846291065,"type":"shrub_distant_02"}
{"ctxid":0,"pos":[-1628.09497,-848.146423,130.061096],"rotationMatrix":[-0.791361094,-0.60312134,0.0999587998,0.604061902,-0.796575189,-0.0240141731,0.0941081867,0.0413774177,0.994701743],"scale":0.631882668,"type":"shrub_distant_02"}
{"ctxid":0,"pos":[-1602.34753,-830.417419,128.498672],"rotationMatrix":[0.223401308,0.972806633,0.0611483082,-0.971305192,0.216926992,0.0975135341,0.0815970972,-0.081178315,0.993353903],"scale":0.876351476,"type":"shrub_distant_02"}
{"ctxid":0,"pos":[-798.164001,-1135.69458,221.538025],"rotationMatrix":[0.938190758,0.34136641,0.0571582019,-0.287891805,0.861318946,-0.418626308,-0.192136422,0.376295924,0.906358063],"scale":0.681622863,"type":"shrub_distant_02"}
{"ctxid":0,"pos":[-824.976013,-1116.3645,209.38765],"rotationMatrix":[0.0197760463,-0.929528236,0.368219972,0.993408918,0.0598583221,0.0977521241,-0.112904355,0.363859922,0.924585581],"scale":0.982694387,"type":"shrub_distant_02"}
{"ctxid":0,"pos":[-994.084473,-1308.04956,204.410477],"rotationMatrix":[-0.406467438,0.909865856,-0.0832309276,-0.887988567,-0.371957898,0.270412087,0.215080366,0.183821976,0.959140182],"scale":0.783369064,"type":"shrub_distant_02"}
{"ctxid":0,"pos":[-2006.47571,-798.629822,250.302338],"rotationMatrix":[-0.985182464,0.171509534,0,-0.171509534,-0.985182464,0,0,0,1],"scale":1.01025176,"type":"shrub_distant_02"}
{"ctxid":0,"pos":[-2012.47742,-805.788635,251.823761],"rotationMatrix":[-0.942660391,0.333753437,0,-0.333753437,-0.942660391,0,0,0,1],"scale":0.904724538,"type":"shrub_distant_02"}
{"ctxid":0,"pos":[-2021.03259,-817.28656,253.392029],"rotationMatrix":[0.618565798,-0.785732985,0,0.785732985,0.618565798,0,0,0,1],"scale":0.953983903,"type":"shrub_distant_02"}
{"ctxid":0,"pos":[-2031.61658,-834.032471,256.824219],"rotationMatrix":[-0.993941605,0.109909572,0,-0.109909572,-0.993941605,0,0,0,1],"scale":0.559400678,"type":"shrub_distant_02"}
{"ctxid":0,"pos":[-2027.17981,-812.604065,250.796341],"rotationMatrix":[0.703186691,-0.71100527,0,0.71100527,0.703186691,0,0,0,1],"scale":0.631128788,"type":"shrub_distant_02"}
{"ctxid":0,"pos":[-1978.31067,-755.174133,239.73793],"rotationMatrix":[0.396251231,-0.91814214,0,0.91814214,0.396251231,0,0,0,1],"scale":0.94030273,"type":"shrub_distant_02"}
{"ctxid":0,"pos":[-1984.56421,-724.716553,228.528397],"rotationMatrix":[-0.963511407,-0.267667323,0,0.267667323,-0.963511407,0,0,0,1],"scale":0.826714218,"type":"shrub_distant_02"}
{"ctxid":0,"pos":[-1994.17859,-710.184021,222.385574],"rotationMatrix":[-0.924485862,0.381216407,0,-0.381216407,-0.924485862,0,0,0,1],"scale":0.819644988,"type":"shrub_distant_02"}
{"ctxid":0,"pos":[-1993.91028,-693.231018,216.922943],"rotationMatrix":[-0.386235446,0.922400236,0,-0.922400236,-0.386235446,0,0,0,1],"scale":0.720225215,"type":"shrub_distant_02"}
{"ctxid":0,"pos":[-1991.89856,-711.669983,223.302856],"rotationMatrix":[-0.972686172,0.23212412,0,-0.23212412,-0.972686172,0,0,0,1],"scale":0.909950852,"type":"shrub_distant_02"}
