{"name":"driftLoopTuningTent","class":"SimGroup","__parent":"STA Adds"}
{"name":"dragFuelStationDecor","class":"SimGroup","__parent":"STA Adds"}
{"name":"mudDragLane","class":"SimGroup","__parent":"STA Adds"}
{"name":"mudDragFence","class":"SimGroup","__parent":"STA Adds"}
{"class":"TSStatic","__parent":"STA Adds","position":[836.854187,-348.998352,160.195251],"decalType":"None","isRenderEnabled":false,"rotationMatrix":[0.374293268,-0.927310526,0,0.927310526,0.374293268,0,0,0,1],"shapeName":"/levels/west_coast_usa/art/shapes/objects/dragbillboard_sign17.dae","useInstanceRenderData":true}
{"class":"TSStatic","__parent":"STA Adds","position":[836.854187,-348.998352,160.195251],"isRenderEnabled":false,"rotationMatrix":[0.374293268,-0.927310526,0,0.927310526,0.374293268,0,0,0,1],"shapeName":"/levels/west_coast_usa/art/shapes/objects/dragbillboard.dae","useInstanceRenderData":true}
{"class":"TSStatic","__parent":"STA Adds","position":[833.436279,-340.439056,160.200592],"decalType":"None","isRenderEnabled":false,"rotationMatrix":[0.373054743,-0.927809477,0,0.927809477,0.373054743,0,0,0,1],"shapeName":"/levels/west_coast_usa/art/shapes/objects/dragbillboard.dae","useInstanceRenderData":true}
{"class":"TSStatic","__parent":"STA Adds","position":[833.436279,-340.439056,160.200592],"decalType":"None","isRenderEnabled":false,"rotationMatrix":[0.373054743,-0.927809477,0,0.927809477,0.373054743,0,0,0,1],"shapeName":"/levels/west_coast_usa/art/shapes/objects/dragbillboard_sign12.dae","useInstanceRenderData":true}
{"class":"TSStatic","__parent":"STA Adds","position":[830.072815,-331.944763,160.198898],"decalType":"None","isRenderEnabled":false,"rotationMatrix":[0.377248108,-0.926112294,0,0.926112294,0.377248108,0,0,0,1],"shapeName":"/levels/west_coast_usa/art/shapes/objects/dragbillboard_sign22.dae","useInstanceRenderData":true}
{"class":"TSStatic","__parent":"STA Adds","position":[830.072815,-331.944763,160.198898],"decalType":"None","isRenderEnabled":false,"rotationMatrix":[0.377248108,-0.926112294,0,0.926112294,0.377248108,0,0,0,1],"shapeName":"/levels/west_coast_usa/art/shapes/objects/dragbillboard.dae","useInstanceRenderData":true}
{"class":"TSStatic","__parent":"STA Adds","position":[541.416809,-485.763031,152.384308],"isRenderEnabled":false,"rotationMatrix":[0.39823693,-0.917282701,0,0.917282701,0.39823693,0,0,0,1],"shapeName":"/levels/west_coast_usa/art/shapes/objects/bollard_hoop_red.dae","useInstanceRenderData":true}
{"class":"TSStatic","__parent":"STA Adds","position":[541.91394,-486.847931,152.368774],"isRenderEnabled":false,"rotationMatrix":[0.384580612,-0.923091471,0,0.923091471,0.384580612,0,0,0,1],"shapeName":"/levels/west_coast_usa/art/shapes/objects/bollard_hoop_grey.dae","useInstanceRenderData":true}
{"class":"TSStatic","__parent":"STA Adds","position":[540.296936,-496.612305,153.039536],"isRenderEnabled":false,"rotationMatrix":[-0.999977946,0.0066435067,0.000817812979,-0.00664615165,-0.999972939,-0.00327516603,0.000796031905,-0.00328052812,0.999994278],"shapeName":"/art/shapes/garage_and_dealership/garage/s_laptop.dae","useInstanceRenderData":true}
{"class":"TSStatic","__parent":"STA Adds","position":[548.494568,-492.612366,152.386368],"isRenderEnabled":false,"rotationMatrix":[0.959714592,-0.280976713,0,0.280976713,0.959714592,0,0,0,1],"shapeName":"/art/shapes/garage_and_dealership/deal_covered_car_barstow_1.dae","useInstanceRenderData":true}
{"class":"TSStatic","__parent":"STA Adds","position":[547.639893,-493.914795,153.315994],"isRenderEnabled":false,"rotationMatrix":[1,0,0,0,0.996520936,0.0833427608,0,-0.0833427608,0.996520936],"shapeName":"/art/shapes/garage_and_dealership/garage/s_small_toolbox_01.dae","useInstanceRenderData":true}
{"class":"TSStatic","__parent":"STA Adds","position":[538.129822,-470.158905,152.653885],"isRenderEnabled":false,"rotationMatrix":[0.410599768,-0.911815822,0,0.911815822,0.410599768,0,0,0,1],"shapeName":"/art/shapes/garage_and_dealership/Clutter/clutter_workshop_fire_extinguisher.dae","useInstanceRenderData":true}
{"class":"TSStatic","__parent":"STA Adds","position":[542.853333,-488.952118,152.368774],"isRenderEnabled":false,"rotationMatrix":[0.384580612,-0.923091471,0,0.923091471,0.384580612,0,0,0,1],"shapeName":"/levels/west_coast_usa/art/shapes/objects/bollard_hoop_grey.dae","useInstanceRenderData":true}
{"class":"TSStatic","__parent":"STA Adds","position":[543.783569,-491.131104,152.368774],"isRenderEnabled":false,"rotationMatrix":[0.384580612,-0.923091471,0,0.923091471,0.384580612,0,0,0,1],"shapeName":"/levels/west_coast_usa/art/shapes/objects/bollard_hoop_grey.dae","useInstanceRenderData":true}
{"class":"TSStatic","__parent":"STA Adds","position":[546.623413,-494.56192,152.277252],"isRenderEnabled":false,"rotationMatrix":[0.384581089,-0.923091114,-1.49011612e-07,0.796927989,0.332018673,-0.504647672,0.465835869,0.194077805,0.863325357],"shapeName":"/levels/west_coast_usa/art/shapes/objects/bollard_hoop_grey.dae","useInstanceRenderData":true}
{"class":"TSStatic","__parent":"STA Adds","position":[545.74176,-495.510437,152.368774],"isRenderEnabled":false,"rotationMatrix":[0.384580612,-0.923091471,0,0.923091471,0.384580612,0,0,0,1],"shapeName":"/levels/west_coast_usa/art/shapes/objects/bollard_hoop_grey.dae","useInstanceRenderData":true}
{"class":"TSStatic","__parent":"STA Adds","position":[544.270447,-486.344482,152.386368],"isRenderEnabled":false,"shapeName":"/art/shapes/objects/s_trash_pile_02.dae","useInstanceRenderData":true}
{"class":"TSStatic","__parent":"STA Adds","position":[547.046814,-492.356567,152.386353],"isRenderEnabled":false,"shapeName":"/levels/west_coast_usa/art/shapes/objects/garbage_cardboard_box_b.dae","useInstanceRenderData":true}
{"class":"TSStatic","__parent":"STA Adds","position":[542.356201,-487.867218,152.384308],"isRenderEnabled":false,"rotationMatrix":[0.39823693,-0.917282701,0,0.917282701,0.39823693,0,0,0,1],"shapeName":"/levels/west_coast_usa/art/shapes/objects/bollard_hoop_red.dae","useInstanceRenderData":true}
{"class":"TSStatic","__parent":"STA Adds","position":[547.112061,-493.418304,152.790741],"isRenderEnabled":false,"rotationMatrix":[-0.180929422,-0.982603073,0.0419076085,0.957260132,-0.18571949,-0.221724659,0.22565034,1.49011612e-08,0.974208355],"shapeName":"/levels/west_coast_usa/art/shapes/objects/sign_stop.dae","useInstanceRenderData":true}
{"class":"TSStatic","__parent":"STA Adds","position":[538.857605,-497.133728,152.566956],"isRenderEnabled":false,"rotationMatrix":[-0.320816159,0.947141647,0,-0.947141647,-0.320816159,0,0,0,1],"shapeName":"/art/shapes/garage_and_dealership/Clutter/clutter_workshop_black_oil.dae","useInstanceRenderData":true}
{"class":"TSStatic","__parent":"STA Adds","position":[543.286438,-490.046204,152.384308],"isRenderEnabled":false,"rotationMatrix":[0.39823693,-0.917282701,0,0.917282701,0.39823693,0,0,0,1],"shapeName":"/levels/west_coast_usa/art/shapes/objects/bollard_hoop_red.dae","useInstanceRenderData":true}
{"class":"TSStatic","__parent":"STA Adds","position":[547.887939,-490.244537,152.431],"isRenderEnabled":false,"shapeName":"/art/shapes/garage_and_dealership/Clutter/debris_m_barrel_a.DAE","useInstanceRenderData":true}
{"class":"TSStatic","__parent":"STA Adds","position":[548.196228,-489.475037,153.315323],"isRenderEnabled":false,"shapeName":"/art/shapes/garage_and_dealership/Clutter/wood_pallet.DAE","useInstanceRenderData":true}
{"class":"TSStatic","__parent":"STA Adds","position":[544.284668,-492.279419,152.384308],"isRenderEnabled":false,"rotationMatrix":[0.39823693,-0.917282701,0,0.917282701,0.39823693,0,0,0,1],"shapeName":"/levels/west_coast_usa/art/shapes/objects/bollard_hoop_red.dae","useInstanceRenderData":true}
{"class":"TSStatic","__parent":"STA Adds","position":[547.507751,-491.392029,152.183151],"isRenderEnabled":false,"shapeName":"/art/shapes/garage_and_dealership/Clutter/debris_m_barrel_b.DAE","useInstanceRenderData":true}
{"class":"TSStatic","__parent":"STA Adds","position":[545.244629,-494.425537,152.384308],"isRenderEnabled":false,"rotationMatrix":[0.39823693,-0.917282701,0,0.917282701,0.39823693,0,0,0,1],"shapeName":"/levels/west_coast_usa/art/shapes/objects/bollard_hoop_red.dae","useInstanceRenderData":true}
{"class":"TSStatic","__parent":"STA Adds","position":[540.008118,-496.735535,152.368759],"isRenderEnabled":false,"rotationMatrix":[-0.928815365,-0.370544106,0,0.370544106,-0.928815365,0,0,0,1],"shapeName":"/art/shapes/garage_and_dealership/garage/s_garage_workbench.dae","useInstanceRenderData":true}
{"class":"TSStatic","__parent":"STA Adds","position":[537.271118,-497.746674,152.35788],"isRenderEnabled":false,"rotationMatrix":[-0.994613409,0.103657477,0,-0.103657477,-0.994613409,0,0,0,1],"shapeName":"/art/shapes/garage_and_dealership/Clutter/clutter_workshop_toolbox.dae","useInstanceRenderData":true}
{"class":"TSStatic","__parent":"STA Adds","position":[538.101074,-496.190582,152.369492],"isRenderEnabled":false,"rotationMatrix":[-0.930763841,-0.365622073,0,0.365622073,-0.930763841,0,0,0,1],"shapeName":"/art/shapes/race/rally/rally_assets/s_rally_gazebo_mod_frame_addon_3x3.dae","useInstanceRenderData":true}
{"class":"TSStatic","__parent":"STA Adds","position":[538.752991,-497.173218,152.566956],"isRenderEnabled":false,"rotationMatrix":[-0.320816159,0.947141647,0,-0.947141647,-0.320816159,0,0,0,1],"shapeName":"/art/shapes/garage_and_dealership/Clutter/clutter_workshop_black_oil.dae","useInstanceRenderData":true}
{"class":"TSStatic","__parent":"STA Adds","position":[536.557434,-495.330963,152.411697],"isRenderEnabled":false,"rotationMatrix":[0.139093816,0.98967284,0.0346537381,-0.960318029,0.143345654,-0.239251971,-0.241748616,-9.68575478e-08,0.970338941],"shapeName":"/art/shapes/garage_and_dealership/Clutter/clutter_workshop_broom.dae","useInstanceRenderData":true}
{"class":"TSStatic","__parent":"STA Adds","position":[537.970581,-498.428528,152.380081],"isRenderEnabled":false,"rotationMatrix":[0.349265397,-0.937023938,0,0.937023938,0.349265397,0,0,0,1],"shapeName":"/art/shapes/garage_and_dealership/Clutter/clutter_workshop_hand_dolly.dae","useInstanceRenderData":true}
{"class":"TSStatic","__parent":"STA Adds","position":[541.569275,-495.876587,152.861008],"isRenderEnabled":false,"rotationMatrix":[0.939366698,0.342914253,1.63912773e-07,-0.00641790032,0.01758039,0.999824941,0.342854202,-0.939202249,0.0187152624],"shapeName":"/art/shapes/garage_and_dealership/Clutter/clutter_workshop_short_bottle.dae","useInstanceRenderData":true}
{"class":"TSStatic","__parent":"STA Adds","position":[541.87439,-495.8638,153.043503],"isRenderEnabled":false,"rotationMatrix":[-0.5319345,-0.846785247,0,0.846785247,-0.5319345,0,0,0,1],"shapeName":"/art/shapes/garage_and_dealership/Clutter/clutter_workshop_short_bottle.dae","useInstanceRenderData":true}
{"class":"TSStatic","__parent":"STA Adds","position":[541.284607,-495.990051,152.861008],"isRenderEnabled":false,"rotationMatrix":[0.939366698,0.342914253,1.63912773e-07,-0.00641790032,0.01758039,0.999824941,0.342854202,-0.939202249,0.0187152624],"shapeName":"/art/shapes/garage_and_dealership/Clutter/clutter_workshop_short_bottle.dae","useInstanceRenderData":true}
{"class":"TSStatic","__parent":"STA Adds","position":[541.38385,-495.951202,152.861008],"isRenderEnabled":false,"rotationMatrix":[0.939366698,0.342914253,1.63912773e-07,-0.00641790032,0.01758039,0.999824941,0.342854202,-0.939202249,0.0187152624],"shapeName":"/art/shapes/garage_and_dealership/Clutter/clutter_workshop_short_bottle.dae","useInstanceRenderData":true}
{"class":"TSStatic","__parent":"STA Adds","position":[541.477417,-495.917786,152.861008],"isRenderEnabled":false,"rotationMatrix":[0.939366698,0.342914253,1.63912773e-07,-0.00641790032,0.01758039,0.999824941,0.342854202,-0.939202249,0.0187152624],"shapeName":"/art/shapes/garage_and_dealership/Clutter/clutter_workshop_short_bottle.dae","useInstanceRenderData":true}
{"class":"TSStatic","__parent":"STA Adds","position":[541.665222,-495.842896,152.861008],"isRenderEnabled":false,"rotationMatrix":[0.939366698,0.342914253,1.63912773e-07,-0.00641790032,0.01758039,0.999824941,0.342854202,-0.939202249,0.0187152624],"shapeName":"/art/shapes/garage_and_dealership/Clutter/clutter_workshop_short_bottle.dae","useInstanceRenderData":true}
{"class":"TSStatic","__parent":"STA Adds","position":[540.230591,-496.199158,152.366684],"isRenderEnabled":false,"shapeName":"/art/shapes/garage_and_dealership/garage/s_metal_stool.dae","useInstanceRenderData":true}
{"class":"TSStatic","__parent":"STA Adds","position":[537.814087,-497.527466,153.042099],"isRenderEnabled":false,"shapeName":"/art/shapes/garage_and_dealership/Clutter/clutter_workshop_fire_extinguisher.dae","useInstanceRenderData":true}
{"class":"TSStatic","__parent":"STA Adds","position":[547.887939,-490.244537,152.431],"isRenderEnabled":false,"shapeName":"/art/shapes/garage_and_dealership/Clutter/clutter_barrels_red.dae","useInstanceRenderData":true}
{"class":"TSStatic","__parent":"STA Adds","position":[542.418579,-495.403259,152.403458],"isRenderEnabled":false,"rotationMatrix":[-0.416170359,-0.909239709,-0.00925550237,0.909014881,-0.416273236,0.0202162154,-0.0222342014,-9.31322575e-10,0.99975276],"shapeName":"/art/shapes/garage_and_dealership/Clutter/clutter_workshop_hand_truck.dae","useInstanceRenderData":true}
{"class":"TSStatic","__parent":"STA Adds","position":[540.906494,-495.081696,152.37085],"isRenderEnabled":false,"rotationMatrix":[0.928091168,0.372353077,0,-0.372353077,0.928091168,0,0,0,1],"shapeName":"/art/shapes/race/rally/rally_assets/s_rally_gazebo_mod_frame_3x3.dae","useInstanceRenderData":true}
{"class":"TSStatic","__parent":"STA Adds","position":[548.254272,-489.450806,152.386368],"isRenderEnabled":false,"shapeName":"/art/shapes/garage_and_dealership/Clutter/ind_pallet_cardboard.DAE","useInstanceRenderData":true}
{"class":"TSStatic","__parent":"STA Adds","position":[537.676514,-497.664124,152.379745],"isRenderEnabled":false,"rotationMatrix":[0.388323367,-0.921523273,0,0.921523273,0.388323367,0,0,0,1],"shapeName":"/art/shapes/garage_and_dealership/Clutter/clutter_workshop_green_can.dae","useInstanceRenderData":true}
{"class":"TSStatic","__parent":"STA Adds","position":[543.386047,-486.089569,152.386383],"isRenderEnabled":false,"shapeName":"/art/shapes/objects/s_trash_pile_05.dae","useInstanceRenderData":true}
{"class":"TSStatic","__parent":"STA Adds","position":[544.268005,-487.494019,152.386368],"isRenderEnabled":false,"shapeName":"/art/shapes/objects/s_trash_pile_01.dae","useInstanceRenderData":true}
{"class":"TSStatic","__parent":"STA Adds","position":[547.105164,-491.757751,152.374573],"isRenderEnabled":false,"shapeName":"/art/shapes/objects/s_trashbag_medium_01.dae","useInstanceRenderData":true}
{"class":"TSStatic","__parent":"STA Adds","position":[549.2771,-495.067596,152.46167],"isRenderEnabled":false,"shapeName":"/art/shapes/objects/s_trash_pile_03.dae","useInstanceRenderData":true}
{"class":"TSStatic","__parent":"STA Adds","position":[547.704102,-495.316467,152.40863],"isRenderEnabled":false,"rotationMatrix":[0.413948715,0.910300255,0,-0.910300255,0.413948715,0,0,0,1],"shapeName":"/art/shapes/garage_and_dealership/Clutter/cbbox_large_dirt.DAE","useInstanceRenderData":true}
{"class":"TSStatic","__parent":"STA Adds","position":[547.236389,-490.497223,152.386353],"isRenderEnabled":false,"rotationMatrix":[0.921020448,0,-0.389514208,0,1,0,0.389514208,0,0.921020448],"shapeName":"/assets/meshes/props/assembly_kit/ak_wood_fence_001/ak_root_fence_pole_001.dae","useInstanceRenderData":true}
{"class":"TSStatic","__parent":"STA Adds","position":[547.390442,-491.799957,152.386353],"isRenderEnabled":false,"shapeName":"/art/shapes/garage_and_dealership/Clutter/cbbox_small_dirt.DAE","useInstanceRenderData":true}
{"class":"TSStatic","__parent":"STA Adds","position":[547.269165,-491.370148,152.393509],"isRenderEnabled":false,"rotationMatrix":[0.973012388,0.230753005,-7.4505806e-09,-0.0428121909,0.180525303,-0.98263824,-0.226746708,0.95611918,0.185532391],"shapeName":"/art/shapes/garage_and_dealership/Clutter/debris_m_barrel_a.DAE","useInstanceRenderData":true}
{"class":"TSStatic","__parent":"STA Adds","position":[549.587158,-494.088287,152.386368],"isRenderEnabled":false,"rotationMatrix":[-0.286927581,-0.957952738,0,0.957952738,-0.286927581,0,0,0,1],"shapeName":"/art/shapes/garage_and_dealership/Clutter/pallet_stack.DAE","useInstanceRenderData":true}
{"class":"TSStatic","__parent":"STA Adds","position":[538.652405,-497.213776,152.566956],"isRenderEnabled":false,"rotationMatrix":[-0.320816159,0.947141647,0,-0.947141647,-0.320816159,0,0,0,1],"shapeName":"/art/shapes/garage_and_dealership/Clutter/clutter_workshop_black_oil.dae","useInstanceRenderData":true}
{"class":"TSStatic","__parent":"STA Adds","position":[547.709717,-490.811035,152.386368],"isRenderEnabled":false,"shapeName":"/art/shapes/garage_and_dealership/Clutter/clutter_barrels_white.dae","useInstanceRenderData":true}
{"class":"TSStatic","__parent":"STA Adds","position":[539.487244,-495.697845,152.4552],"isRenderEnabled":false,"rotationMatrix":[0.931833267,0.362886727,0,-0.362886727,0.931833267,0,0,0,1],"scale":[1.01729441,1.06246877,0.988476515],"shapeName":"/art/shapes/race/rally/rally_assets/s_rally_gazebo_mod_cover_blastr_3x6.dae","useInstanceRenderData":true}
{"class":"TSStatic","__parent":"STA Adds","position":[537.966858,-498.427551,152.536148],"isRenderEnabled":false,"shapeName":"/art/shapes/garage_and_dealership/Clutter/clutter_barrels_red.dae","useInstanceRenderData":true}
{"class":"TSStatic","__parent":"STA Adds","position":[547.321289,-490.156311,152.386368],"isRenderEnabled":false,"rotationMatrix":[0.739131331,0.673561394,0,-0.673561394,0.739131331,0,0,0,1],"shapeName":"/art/shapes/garage_and_dealership/Clutter/cbbox_small_dirt.DAE","useInstanceRenderData":true}
