{"name":"fre_staging_rockClimbS","class":"BeamNGTrigger","__parent":"Rock_Climb_Short","position":[708.622803,-476.986694,162.776871],"luaFunction":"onBeamNGTrigger","rotationMatrix":[-0.974179387,-0.225775257,-3.86498868e-08,0.22552292,-0.973090649,-0.0472646989,0.0106711611,-0.0460443087,0.998882413],"scale":[12.635169,1,4.90749168],"triggerMode":"Overlaps"}
{"name":"fre_start_rockClimbS","class":"BeamNGTrigger","__parent":"Rock_Climb_Short","position":[708.769958,-477.791382,162.776871],"luaFunction":"onBeamNGTrigger","rotationMatrix":[-0.974179387,-0.225775257,-3.86498868e-08,0.22552292,-0.973090649,-0.0472646989,0.0106711611,-0.0460443087,0.998882413],"scale":[12.635169,1,4.90749168],"triggerMode":"Overlaps"}
{"class":"TSStatic","__parent":"Rock_Climb_Short","position":[716.186035,-476.040558,162.106644],"isRenderEnabled":false,"rotationMatrix":[-0.989574194,-0.144025058,0,0.144025058,-0.989574194,0,0,0,1],"shapeName":"/levels/west_coast_usa/art/shapes/objects/featherflag_beamng.dae","useInstanceRenderData":true}
{"class":"TSStatic","__parent":"Rock_Climb_Short","position":[701.665649,-479.322327,162.130081],"isRenderEnabled":false,"rotationMatrix":[0.972687364,0.232119069,0,-0.232119069,0.972687364,0,0,0,1],"shapeName":"/levels/west_coast_usa/art/shapes/objects/featherflag_beamng.dae","useInstanceRenderData":true}
{"class":"DecalRoad","persistentId":"c68a6955-2d76-4c19-b916-3f6338b91fbf","__parent":"Rock_Climb_Short","position":[704.275635,-478.698273,161.077133],"improvedSpline":true,"material":"checkered_line","nodes":[[704.275635,-478.698273,161.077133,0.5],[712.543213,-476.696869,161.596481,0.5]]}
{"name":"rockClimbS","class":"DecalRoad","persistentId":"2fda4042-5477-4f4c-b30a-3b67becb0320","__parent":"Rock_Climb_Short","position":[709.238647,-477.017487,161.257599],"improvedSpline":true,"material":"road_invisible","nodes":[[709.238647,-477.017487,161.257599,8],[711.621765,-488.661407,164.389709,8],[713.512268,-499.724823,170.98732,8],[714.38501,-507.092865,173.720123,8],[714.633362,-510.031708,174.191406,8]]}
{"name":"fre_finish_rockClimbS","class":"BeamNGTrigger","__parent":"Rock_Climb_Short","position":[715.048523,-502.217499,174.565338],"luaFunction":"onBeamNGTrigger","rotationMatrix":[0.943651319,0.326928467,-0.0513802208,-0.327628881,0.944789767,-0.00562041905,0.046706032,0.0221373588,0.998663366],"scale":[8.94305515,1.70973086,5.43977737],"triggerMode":"Overlaps"}
{"class":"TSStatic","__parent":"Rock_Climb_Short","position":[714.297302,-484.860352,161.753876],"isRenderEnabled":false,"rotationMatrix":[0.881797433,0.205229014,0.424634308,-0.0505353212,0.936289728,-0.347574115,-0.468913049,0.285030901,0.835989177],"shapeName":"/levels/west_coast_usa/art/shapes/rocksJV/s_rocks_desert_huge_sheet_2.dae","useInstanceRenderData":true}
{"class":"TSStatic","__parent":"Rock_Climb_Short","position":[711.816467,-497.797974,168.237152],"isRenderEnabled":false,"rotationMatrix":[1,0,0,0,0.947515607,-0.319709569,0,0.319709569,0.947515607],"scale":[1,1,1.26920891],"shapeName":"/levels/west_coast_usa/art/shapes/rocksJV/s_rocks_desert_huge_sheet_1.dae","useInstanceRenderData":true}
{"class":"TSStatic","__parent":"Rock_Climb_Short","position":[717.063782,-496.693512,169.272003],"isRenderEnabled":false,"rotationMatrix":[-0.0389751196,-0.979158878,0.199320987,0.768912792,0.0980045795,0.631797612,-0.638164639,0.177884862,0.749068022],"scale":[1,1,1.26920891],"shapeName":"/levels/west_coast_usa/art/shapes/rocksJV/s_rocks_desert_huge_sheet_1.dae","useInstanceRenderData":true}
{"class":"TSStatic","__parent":"Rock_Climb_Short","position":[711.650024,-489.690979,164.820663],"isRenderEnabled":false,"rotationMatrix":[1,0,0,0,0.887816787,-0.460197121,0,0.460197121,0.887816787],"scale":[1,1,0.660404444],"shapeName":"/levels/west_coast_usa/art/shapes/rocksJV/s_rocks_desert_huge_sheet_3.dae","useInstanceRenderData":true}
{"class":"TSStatic","__parent":"Rock_Climb_Short","position":[709.833557,-485.725311,160.673431],"isRenderEnabled":false,"rotationMatrix":[-0.689749479,-0.478922725,0.543027639,0.560690403,-0.827831745,-0.0179209709,0.4581182,0.2921094,0.839523554],"shapeName":"/levels/west_coast_usa/art/shapes/rocksJV/s_rocks_desert_huge_sheet_2.dae","useInstanceRenderData":true}
{"class":"TSStatic","__parent":"Rock_Climb_Short","position":[714.358582,-494.19873,166.595627],"isRenderEnabled":false,"rotationMatrix":[0.225496829,0.957767308,-0.178418815,-0.86495012,0.112535417,-0.489078194,-0.448344529,0.264609009,0.853796959],"scale":[1,1,1.13167477],"shapeName":"/levels/west_coast_usa/art/shapes/rocksJV/s_rocks_desert_huge_sheet_3.dae","useInstanceRenderData":true}
{"name":"fre_start_rockClimbSasset0","class":"DecalRoad","persistentId":"3d57e5a8-793d-46a6-8e28-e14609bb3f15","__parent":"Rock_Climb_Short","position":[710.782776,-502.418488,171.825638],"hidden":true,"improvedSpline":true,"material":"checkered_line","nodes":[[710.782776,-502.418488,171.825638,0.5],[718.505188,-500.364075,171.323013,0.5]],"startEndFade":[1,1]}
{"class":"TSStatic","__parent":"Rock_Climb_Short","position":[713.970764,-501.14032,170.681732],"isRenderEnabled":false,"rotationMatrix":[0.0356673598,0.877460301,-0.478320956,-0.997834146,0.0577381253,0.0315119028,0.0552677065,0.476161122,0.877619505],"scale":[1,1,1.26920891],"shapeName":"/levels/west_coast_usa/art/shapes/rocksJV/s_rocks_desert_huge_sheet_1.dae","useInstanceRenderData":true}
